BALANCES y:106.0  s:110.0  x:156.0  r:61.0  w:1.0  g:74.0  m:273.0  d:70.0  a:144.0  h:23.0  p:10.0  q:77.0  u:3.0  c:1.0  j:6.0  b:8.0  l:58.0  i:10.0  z:8.0  n:137.0  t:54.0  e:5.0  o:1.0  v:32.0  f:25.0  k:19.0 

BANDWIDTH: 
0
1195
814
405
2562
1608
1154
597
0
193
0
192
0
1993
1250
192
600
2591
193
769
216
1034
2766
2355
578
216
600
1590
1391
0
2353
601
1997
2405
0
193
598
2013
1753
1346
216
1829
1755
2191
1803
0
577
216
386
1827
986
0
2571
1395
0
986
987
0
2383
385
1414


DELAY: 
0.00146484375
0.000244140625
0.00048828125
0.000732421875
0.00048828125
0.00048828125
0.000244140625
33.071044921875
2608.74560546875
0.001953125
0.0009765625
0.000244140625
840.03173828125
1373.1005859375
5777.914794921875
2661.994873046875
0.001953125
0.00048828125
0.00048828125
4132.93408203125
0.001708984375
0.00048828125
0.000244140625
0.00048828125
0.000732421875
1921.1142578125
0.00146484375
0.00048828125
0.00048828125
8663.87939453125
0.00146484375
0.00048828125
0.000244140625
0.000732421875
1656.99365234375
0.001953125
0.000244140625
0.00048828125
0.000732421875
0.00048828125
0.00048828125
0.00048828125
3970.04150390625
996.93994140625
526.07958984375
3429.0751953125
0.001953125
0.00048828125
0.000244140625
0.000732421875
3490.84814453125
0.00146484375
0.00048828125
4198.1474609375
0.001708984375
0.00048828125
0.00048828125
0.00048828125
762.847900390625
2838.097412109375
0.002197265625
0.00048828125
0.00048828125
653.071533203125
0.001220703125
5316.89501953125
0.001708984375
1499.92724609375
0.001220703125
0.00048828125
0.00048828125
0.0009765625
1037.130859375
3139.038818359375
0.001953125
2146.831787109375
0.001953125
0.00048828125
0.00048828125
0.00048828125
0.00048828125
0.000244140625
808.103271484375
55.639404296875
1787.515625
0.001220703125
0.00048828125
0.00048828125
1489.733642578125
5239.08935546875
0.001220703125
0.00048828125
0.000244140625
815.898681640625
0.001953125
4079.231689453125
0.001220703125
0.00048828125
0.000244140625
0.000732421875
2516.03955078125
0.001220703125
0.000244140625
1582.737548828125
0.001708984375
951.037353515625
3691.108154296875
0.002197265625
938.9765625
0.001220703125
0.00048828125
0.000732421875
2116.924072265625
0.00146484375
1661.2392578125
0.001220703125
1403.170654296875
0.00146484375
0.000244140625
