BALANCES s:110.0  r:61.0  y:106.0  w:2.0  m:273.0  x:156.0  g:74.0  d:70.0  h:23.0  a:144.0  p:10.0  q:77.0  u:3.0  c:0.0  j:6.0  b:8.0  l:58.0  i:10.0  z:8.0  t:54.0  n:58.0  k:19.0  o:1.0  e:5.0  v:32.0  f:25.0 

BANDWIDTH: 
0
829
193
621
2543
0
963
0
1805
770
212
385
0
0
408
1585
385
795
1203
2548
0
216
0
1589
769
1419
2745
1009
1801
0
193
2740
384
1034
1950
432
1782
0
3187
987
193
961
3008
793
2767
964
409
578
409
1180
988
2786
2189
601
794
1969
794


DELAY: 
0.002197265625
0.00048828125
0.00048828125
0.000732421875
0.000732421875
0.00048828125
0.00048828125
1789.98974609375
1923.100830078125
0.001953125
2472.986328125
0.00146484375
0.00048828125
2286.10595703125
1892.7900390625
6755.1875
0.00146484375
0.000732421875
2647.9072265625
0.002197265625
0.00048828125
990.939208984375
0.001708984375
0.00048828125
941.043701171875
916.13330078125
0.001953125
0.00048828125
0.000244140625
7604.8408203125
0.00146484375
0.000732421875
0.00048828125
0.00048828125
2660.11083984375
0.002197265625
0.00048828125
0.00048828125
0.00048828125
0.000732421875
988.95947265625
0.001708984375
3144.944091796875
0.00146484375
2102.120361328125
0.0009765625
0.001220703125
0.00048828125
0.00048828125
5819.975830078125
0.001708984375
56.958984375
0.001220703125
5843.084228515625
0.00146484375
0.00048828125
0.00048828125
0.00048828125
88.18359375
3095.758056640625
0.001708984375
0.000244140625
0.00048828125
5401.860595703125
0.001953125
0.00048828125
0.00048828125
0.00048828125
0.000732421875
0.000244140625
0.00048828125
1643.037353515625
0.002685546875
3743.02880859375
0.001708984375
0.000244140625
1896.171142578125
0.00146484375
0.00048828125
0.000244140625
1186.8857421875
0.001708984375
0.00048828125
0.000244140625
0.0009765625
441.983642578125
1235.025634765625
815.8408203125
2722.087890625
76.908447265625
4908.63232421875
0.00146484375
0.000732421875
65.77978515625
3399.565673828125
0.001220703125
0.000732421875
0.00048828125
0.00048828125
3381.384033203125
0.001220703125
363.68359375
55.014892578125
1115.125244140625
1.02392578125
2276.9443359375
1644.830810546875
0.001953125
0.00048828125
904.99072265625
1138.999267578125
0.001708984375
2133.16357421875
76.86083984375
