BALANCES r:61.0  y:106.0  s:110.0  x:156.0  g:74.0  w:4.0  d:70.0  m:273.0  a:144.0  h:23.0  p:10.0  q:77.0  u:3.0  c:0.0  j:6.0  b:8.0  l:58.0  i:10.0  z:8.0  n:137.0  t:54.0  k:19.0  o:1.0  e:5.0  v:32.0  f:25.0 

BANDWIDTH: 
0
405
0
983
0
212
1581
579
809
982
1758
192
385
193
0
1011
987
794
793
1609
2142
1204
578
817
409
2957
0
2597
578
2758
578
409
1998
577
818
386
1204
216
2546
1950
987
1397
963
1851
2551
192
794
1611
1993
2162
386
1587
987
1419
385
1395


DELAY: 
0.001953125
0.00048828125
0.00048828125
3629.0087890625
0.001708984375
0.00048828125
3612.843994140625
0.001708984375
0.000732421875
3259.034423828125
0.001220703125
0.00048828125
1747.928466796875
0.001708984375
1540.029541015625
9719.939697265625
0.00146484375
0.00048828125
0.00048828125
100.083740234375
0.0009765625
0.00048828125
0.000732421875
2967.900390625
145.1953125
1503.963134765625
0.00146484375
0.00048828125
0.00048828125
6806.423583984375
0.001220703125
0.000732421875
0.00048828125
0.00048828125
1737.392333984375
0.001953125
0.0009765625
0.000244140625
1819.01123046875
0.001708984375
0.00048828125
0.000244140625
4288.99072265625
88.275146484375
0.001220703125
2265.70458984375
0.002685546875
0.00048828125
0.000732421875
3983.29931640625
820.305419921875
0.001220703125
0.00048828125
4764.528564453125
0.001220703125
0.0009765625
0.00048828125
0.00048828125
845.980224609375
312.875244140625
6018.293701171875
0.001220703125
2037.714111328125
0.00146484375
0.00048828125
0.000244140625
0.000732421875
0.000732421875
0.000244140625
0.00048828125
2708.169677734375
0.0009765625
33.027099609375
1899.813232421875
0.00146484375
0.00048828125
3632.11962890625
0.00146484375
0.000244140625
0.00048828125
109.9521484375
0.00146484375
0.000244140625
1868.9599609375
0.001708984375
0.00048828125
0.000244140625
156.977294921875
1726.179931640625
3350.889404296875
2277.9111328125
0.001953125
0.000244140625
0.00048828125
187.124267578125
3226.940185546875
0.001708984375
2038.10302734375
44.329833984375
0.00146484375
3022.85009765625
0.001953125
0.00048828125
0.00048828125
1523.763427734375
2299.880126953125
0.001708984375
887.16943359375
222.8818359375
0.001953125
0.00048828125
4363.552978515625
0.001708984375
0.000732421875
0.00048828125
0.00048828125
0.000244140625
76.783447265625
0.001220703125
