BALANCES z:904.0  h:191.0  d:217.0  q:413.0  w:595.0  o:820.0  i:513.0  y:31.0  u:281.0  p:537.0  x:92.0  c:52.0  f:509.0  r:420.0  k:359.0  v:456.0  m:874.0  s:576.0  l:266.0  b:701.0  g:70.0  a:389.0  j:1456.0  t:219.0  n:861.0  e:241.0 

BANDWIDTH: 
0
2044
2392
16358
212
0
38151
11995
16341
9257
2322
8144
27564
1049
0
24060
9624
55408
17098
76890
95654
34440
38807
216
0
0
100505
94356
109399
40402
45131
0
0
0
0
0
2725
257259
156530
142613
409
37042
69355
16804
73273
11024
48638
14348
13433
22876
0
0
180518
33928
35420
193
0
0
0
96816
73517
0
175175
29050
89891
24328
29837
113029
41115
87570
53494
12827
216
0
63777
154571
30926
11734
53173
76764
2561
17037
64900
48155
14681
216
41329
135866
4969
8070
56785
60506
22375
0
0
0
0
74611
178064
193
0
0
0
0
0
222844
87178
0
0
0
0
0
0
1953
174249
119664
143449
56906


DELAY: 
0.001708984375
0.00048828125
0.00048828125
0.00048828125
0.00048828125
0.00048828125
0.00048828125
0.000732421875
0.000732421875
0.000244140625
0.00048828125
0.00048828125
0.00048828125
0.000732421875
0.00048828125
0.000732421875
0.00048828125
0.00048828125
0.00048828125
0.000244140625
0.000732421875
0.000244140625
0.000732421875
0.000244140625
0.0009765625
0.003173828125
0.00048828125
0.00048828125
0.000732421875
0.00048828125
0.000244140625
0.000244140625
0.00048828125
0.00048828125
0.001220703125
0.000732421875
0.000244140625
0.00048828125
0.000732421875
0.00048828125
0.000244140625
0.000732421875
0.00048828125
0.000244140625
0.00048828125
0.000732421875
0.000732421875
0.000732421875
0.000244140625
0.000244140625
0.00048828125
0.000244140625
0.00048828125
0.000244140625
0.00048828125
0.000732421875
0.00048828125
0.000732421875
0.000732421875
0.00048828125
0.000244140625
0.00048828125
0.000732421875
0.00048828125
0.000244140625
0.00048828125
0.00048828125
0.00048828125
0.00048828125
0.00048828125
0.00048828125
0.000732421875
0.000732421875
2161.125732421875
0.001708984375
0.00048828125
0.00048828125
0.00048828125
0.00048828125
0.000244140625
0.00048828125
0.0009765625
0.000244140625
0.00048828125
0.00048828125
0.000244140625
0.00048828125
0.00048828125
0.001220703125
0.001220703125
0.00048828125
0.000244140625
0.00048828125
0.000244140625
0.000732421875
0.00048828125
0.000244140625
0.00048828125
0.000732421875
1524.828369140625
0.001708984375
0.00048828125
0.00048828125
4612.138671875
0.001220703125
0.00048828125
0.001220703125
0.00048828125
0.00048828125
0.00048828125
0.00048828125
0.000244140625
0.000732421875
0.00048828125
0.00048828125
0.00048828125
0.00048828125
0.000244140625
0.00048828125
0.001220703125
0.00048828125
0.00048828125
0.000244140625
0.00048828125
0.00048828125
0.00048828125
0.000732421875
0.00048828125
0.00048828125
0.00048828125
0.000244140625
0.00048828125
0.000244140625
0.000732421875
0.00048828125
0.00048828125
0.000244140625
0.00048828125
0.0009765625
0.000732421875
0.00048828125
0.00048828125
0.000244140625
0.00048828125
0.00048828125
0.000244140625
0.00048828125
0.000732421875
0.00048828125
0.000732421875
0.000244140625
0.000244140625
0.000244140625
0.00048828125
0.000732421875
0.00048828125
0.000244140625
3846.309814453125
0.00146484375
0.0
0.00048828125
0.00048828125
0.000732421875
0.00048828125
0.000244140625
0.00048828125
0.00048828125
0.00048828125
0.000244140625
0.00048828125
0.00048828125
0.00048828125
0.00048828125
0.0009765625
0.00048828125
0.00048828125
0.00048828125
0.00048828125
0.00048828125
0.000244140625
0.000244140625
0.000244140625
0.000732421875
0.00048828125
0.000732421875
0.000244140625
0.00048828125
0.00048828125
0.000244140625
0.00048828125
0.00048828125
0.000244140625
0.001220703125
0.00048828125
0.000244140625
0.00048828125
0.000244140625
0.00048828125
0.00048828125
0.00048828125
0.00048828125
0.00048828125
0.000244140625
0.00048828125
0.00048828125
0.00048828125
0.000244140625
0.000732421875
0.00048828125
0.000244140625
0.00048828125
0.00048828125
0.000244140625
0.00048828125
0.000244140625
0.001708984375
0.000244140625
0.00048828125
0.000244140625
0.00048828125
0.000244140625
0.000732421875
0.00048828125
0.00048828125
0.0
0.00048828125
0.00048828125
0.000244140625
1056.98876953125
0.001708984375
0.00048828125
0.000244140625
0.00048828125
0.0009765625
0.00048828125
0.000244140625
0.0009765625
0.000244140625
0.00048828125
0.000244140625
0.000244140625
0.00048828125
0.000244140625
0.00048828125
0.001220703125
0.00048828125
0.000244140625
0.00048828125
0.00048828125
0.000244140625
0.000732421875
0.00048828125
0.000244140625
0.000732421875
0.00048828125
0.00048828125
0.000244140625
0.00048828125
0.000732421875
0.000244140625
0.00048828125
0.000244140625
0.000244140625
0.0009765625
0.00048828125
0.00048828125
0.00048828125
0.00048828125
0.000244140625
0.00048828125
0.00048828125
0.00048828125
0.000244140625
0.000732421875
0.000732421875
0.00048828125
0.00048828125
0.000244140625
0.00048828125
0.000244140625
0.000732421875
0.00048828125
0.000244140625
0.000244140625
0.00048828125
0.000244140625
0.001953125
0.000244140625
0.00048828125
0.00048828125
0.000244140625
0.00048828125
0.000244140625
0.00048828125
0.000732421875
0.000244140625
0.00048828125
0.000244140625
0.00048828125
0.000244140625
0.00146484375
0.00048828125
0.000244140625
0.000244140625
0.00048828125
0.000244140625
0.00048828125
0.000244140625
0.00048828125
0.0009765625
0.000244140625
0.00048828125
0.000244140625
0.00048828125
0.00048828125
0.000244140625
0.0009765625
0.000244140625
0.00048828125
0.000244140625
2595.057861328125
0.001708984375
0.000244140625
0.00048828125
0.000732421875
0.000244140625
0.00048828125
0.000244140625
0.00048828125
0.00048828125
0.00048828125
0.000244140625
0.000732421875
0.000244140625
0.00048828125
0.000244140625
0.000732421875
0.00048828125
0.000244140625
0.00048828125
0.000732421875
0.000244140625
0.00048828125
0.00048828125
0.000244140625
0.001220703125
0.000732421875
0.00048828125
0.000244140625
0.00048828125
0.000244140625
0.00048828125
0.00048828125
0.000244140625
0.001220703125
0.0009765625
0.000244140625
0.00048828125
0.00048828125
0.00048828125
0.00048828125
0.00048828125
0.000244140625
0.00048828125
0.000732421875
0.00048828125
0.0009765625
0.00048828125
0.000244140625
0.00048828125
0.00048828125
0.000244140625
0.00048828125
0.000732421875
0.000244140625
0.000244140625
0.00048828125
0.000244140625
0.000732421875
0.00048828125
0.000244140625
0.000732421875
0.000244140625
0.00048828125
0.00048828125
0.00048828125
0.000244140625
0.00048828125
0.00048828125
0.000732421875
0.000244140625
0.00048828125
0.00048828125
0.00048828125
0.00048828125
0.00048828125
0.000244140625
0.00048828125
0.000244140625
0.00048828125
0.00048828125
0.00048828125
0.000244140625
0.00048828125
0.00048828125
0.000732421875
0.00048828125
0.00048828125
0.00048828125
0.000244140625
0.00048828125
0.00048828125
0.000732421875
0.000244140625
0.00048828125
0.00048828125
0.000244140625
0.00048828125
0.000244140625
0.00048828125
0.00048828125
0.000244140625
0.00048828125
0.00048828125
0.00048828125
0.000244140625
0.00048828125
0.0009765625
0.000244140625
0.00048828125
0.00048828125
0.000244140625
0.00048828125
0.000244140625
0.00048828125
0.00048828125
0.00048828125
0.00048828125
0.00048828125
0.000244140625
0.00048828125
0.000244140625
3662.617919921875
0.001220703125
0.00048828125
0.00048828125
0.00048828125
0.00048828125
0.00048828125
0.000244140625
0.00048828125
0.00048828125
0.00048828125
0.00048828125
0.00048828125
0.000244140625
0.00048828125
0.00048828125
0.00048828125
0.000244140625
0.00048828125
0.00048828125
0.0009765625
0.000244140625
0.00048828125
0.000244140625
0.000244140625
0.00048828125
0.000732421875
0.00048828125
0.00048828125
0.000244140625
0.00048828125
0.00048828125
0.00048828125
0.000244140625
0.000732421875
0.000732421875
0.000244140625
0.00048828125
0.000244140625
0.00048828125
0.00048828125
0.000244140625
0.000732421875
0.00048828125
0.000244140625
0.00048828125
0.000244140625
1354.90185546875
0.001953125
0.00048828125
0.000244140625
0.000732421875
0.000244140625
0.00048828125
0.00048828125
0.00048828125
0.00048828125
0.00048828125
0.00048828125
0.000244140625
0.00048828125
0.0
0.00048828125
0.0009765625
0.00048828125
0.000244140625
0.00048828125
0.00048828125
0.000244140625
0.00048828125
0.00048828125
0.000244140625
0.001220703125
0.000244140625
0.00048828125
0.000244140625
0.00048828125
0.00048828125
0.000244140625
0.000732421875
0.00048828125
0.000244140625
0.0009765625
0.00048828125
0.0009765625
0.00048828125
0.000244140625
0.00048828125
0.00048828125
0.00048828125
0.000244140625
0.00048828125
0.000732421875
0.000732421875
0.000244140625
0.00048828125
0.00048828125
0.000244140625
0.00048828125
0.000732421875
0.000244140625
0.00048828125
0.000244140625
0.000244140625
0.00048828125
0.000732421875
0.00048828125
0.00048828125
0.00048828125
0.00048828125
0.000244140625
0.00048828125
0.000732421875
0.00048828125
0.00048828125
0.00048828125
0.000732421875
0.000244140625
0.00048828125
0.00048828125
0.00048828125
0.000244140625
0.000732421875
0.00048828125
0.000244140625
0.000244140625
0.000244140625
0.00048828125
0.00048828125
0.000244140625
0.000732421875
0.000244140625
0.00048828125
0.00048828125
0.000244140625
0.00048828125
0.00048828125
805.800048828125
0.00146484375
0.000244140625
0.00048828125
0.00048828125
0.00048828125
0.000244140625
0.00048828125
0.0009765625
0.000244140625
0.00048828125
0.000244140625
0.00048828125
0.00048828125
0.000244140625
0.00048828125
0.000732421875
0.00048828125
0.00048828125
0.000732421875
0.00048828125
0.000244140625
0.00048828125
0.00048828125
0.000244140625
0.00048828125
0.00048828125
0.00048828125
0.000244140625
0.00048828125
0.00048828125
0.000732421875
0.000244140625
0.00048828125
0.00048828125
0.00048828125
0.00048828125
0.000244140625
0.000732421875
0.00048828125
0.00048828125
0.000244140625
0.00048828125
0.000244140625
0.00048828125
0.00048828125
0.00048828125
0.00048828125
0.000244140625
0.00048828125
0.00048828125
0.000244140625
0.00048828125
0.00048828125
0.00048828125
0.00048828125
0.00048828125
0.000244140625
0.00146484375
0.00048828125
0.00048828125
0.00048828125
0.000244140625
601.99267578125
0.001708984375
0.00048828125
0.000732421875
0.000732421875
0.00048828125
0.000732421875
0.000732421875
0.000732421875
0.00048828125
0.000732421875
0.000244140625
0.0009765625
0.00048828125
0.000244140625
0.00048828125
0.0009765625
0.0009765625
0.00048828125
0.00048828125
0.00048828125
0.00048828125
0.00048828125
0.000732421875
0.00048828125
0.000732421875
0.00048828125
0.00048828125
0.00048828125
0.00048828125
0.00048828125
0.00048828125
0.00048828125
0.000244140625
0.00048828125
0.0009765625
0.000732421875
0.0009765625
0.00048828125
0.00048828125
0.00048828125
0.00048828125
0.000732421875
0.000244140625
0.00048828125
0.000732421875
0.00048828125
0.00048828125
0.00048828125
0.000732421875
0.00048828125
0.000244140625
0.00048828125
2183.220947265625
0.001708984375
0.00048828125
0.00048828125
0.000732421875
0.00048828125
0.00048828125
0.00048828125
0.00048828125
0.00048828125
0.000244140625
0.0009765625
0.00048828125
0.000244140625
0.00048828125
0.00048828125
0.0009765625
0.000732421875
0.00048828125
0.00048828125
0.00048828125
0.00048828125
0.00048828125
0.00048828125
0.00048828125
0.000732421875
0.00048828125
0.00048828125
0.000244140625
0.00048828125
0.00048828125
0.000732421875
0.00048828125
0.00048828125
0.00048828125
0.0009765625
0.000732421875
0.00048828125
0.00048828125
0.00048828125
0.00048828125
0.00048828125
0.00048828125
0.000732421875
0.00048828125
0.00048828125
0.000732421875
0.00048828125
0.00048828125
0.00048828125
0.000732421875
0.00048828125
0.000244140625
0.00048828125
0.00048828125
0.00048828125
0.000732421875
0.000244140625
0.0009765625
0.00048828125
0.00048828125
0.000244140625
0.00048828125
0.000732421875
0.00048828125
0.000244140625
0.00048828125
0.000244140625
0.00048828125
0.00048828125
0.000732421875
0.00048828125
0.00048828125
0.00048828125
0.00048828125
0.000244140625
0.003173828125
0.000244140625
0.00048828125
0.00048828125
0.00048828125
0.00048828125
0.00048828125
0.000244140625
0.000244140625
0.00048828125
0.000244140625
0.00048828125
0.000732421875
0.00048828125
0.00048828125
0.00048828125
0.00048828125
0.000244140625
0.00048828125
0.000732421875
0.000244140625
0.0009765625
0.000244140625
7615.738037109375
0.00146484375
0.00048828125
0.000732421875
0.00048828125
0.00048828125
0.00048828125
0.000244140625
0.0009765625
0.00048828125
0.000732421875
0.000244140625
0.00048828125
0.00048828125
0.000244140625
0.000244140625
0.00048828125
0.000732421875
0.00048828125
0.000244140625
0.00048828125
0.00048828125
0.00048828125
0.00048828125
0.00048828125
0.0009765625
0.00048828125
0.00048828125
0.000244140625
0.00048828125
0.00048828125
0.000732421875
0.00048828125
0.00048828125
0.00048828125
0.00048828125
0.00048828125
0.00048828125
0.000732421875
0.00048828125
0.00048828125
0.00048828125
0.00048828125
0.000244140625
0.00048828125
0.000732421875
0.0009765625
0.00048828125
0.00048828125
0.000244140625
0.00048828125
0.000732421875
0.000244140625
0.00048828125
0.00048828125
0.000244140625
0.00048828125
0.00048828125
0.0009765625
0.000244140625
0.00048828125
0.000244140625
0.00048828125
0.00048828125
0.00048828125
0.000244140625
0.000732421875
0.00048828125
0.00048828125
0.000244140625
0.00048828125
0.00048828125
0.0009765625
0.00048828125
0.00048828125
0.000244140625
0.000244140625
0.00048828125
0.000244140625
0.00048828125
0.008544921875
0.00048828125
0.0
0.00048828125
0.00048828125
0.00048828125
0.00048828125
0.00048828125
0.00048828125
0.00048828125
0.000244140625
0.00048828125
0.00048828125
0.00048828125
0.000244140625
0.000732421875
0.00048828125
0.000244140625
0.00048828125
0.00048828125
0.000244140625
0.00048828125
0.000244140625
0.000732421875
0.00048828125
0.000244140625
0.000244140625
0.00048828125
0.00048828125
0.000244140625
0.00048828125
0.000732421875
0.000244140625
0.00048828125
0.00048828125
0.000244140625
0.00048828125
0.00048828125
0.00048828125
0.000732421875
0.000244140625
0.00048828125
0.00048828125
0.00048828125
0.000244140625
0.00048828125
0.00048828125
0.000732421875
0.000244140625
0.00048828125
0.00048828125
0.000244140625
0.00048828125
0.00048828125
0.000732421875
0.00048828125
0.00048828125
0.000244140625
0.00048828125
0.00048828125
0.00048828125
0.000732421875
0.000244140625
0.00048828125
0.00048828125
0.00048828125
0.000244140625
0.00048828125
0.00048828125
0.000732421875
0.0
0.00048828125
0.000244140625
0.00048828125
0.00048828125
0.00048828125
1798.878173828125
0.002197265625
0.00048828125
0.00048828125
0.00048828125
0.000244140625
0.000732421875
0.00048828125
0.00048828125
0.00048828125
0.000244140625
0.00048828125
0.00048828125
0.00048828125
0.00048828125
0.00048828125
0.000244140625
0.00048828125
0.000244140625
0.00048828125
0.00048828125
0.00048828125
0.00048828125
0.000244140625
0.00048828125
0.000732421875
0.00048828125
0.000244140625
0.000732421875
0.00048828125
0.000244140625
0.00048828125
0.000244140625
0.00048828125
0.00048828125
0.00048828125
0.000244140625
0.000732421875
0.000244140625
0.000244140625
0.000732421875
0.00048828125
0.00048828125
0.00048828125
0.00048828125
0.00048828125
0.00048828125
0.00048828125
0.000244140625
0.00048828125
0.00048828125
0.000732421875
0.000244140625
0.00048828125
0.000244140625
0.00048828125
0.00048828125
0.000244140625
0.0009765625
0.00048828125
0.000244140625
0.00048828125
0.000244140625
0.00048828125
0.00048828125
0.000244140625
0.00048828125
0.00048828125
0.00048828125
0.00048828125
0.000244140625
0.00048828125
0.00048828125
0.00048828125
0.00048828125
0.00048828125
0.00048828125
0.000244140625
0.00048828125
0.000244140625
0.00048828125
0.00048828125
0.000244140625
0.000732421875
0.000244140625
0.000244140625
0.00048828125
0.000244140625
0.00048828125
0.00048828125
0.000244140625
0.00048828125
0.000732421875
0.000244140625
0.00048828125
0.000244140625
0.00048828125
0.00048828125
0.000244140625
0.00048828125
0.000732421875
0.000244140625
0.00048828125
0.00048828125
0.000244140625
0.00048828125
0.00048828125
0.00048828125
0.00048828125
0.000244140625
0.000244140625
0.00048828125
0.00048828125
0.000244140625
0.00048828125
0.00048828125
0.000244140625
0.000732421875
0.00048828125
0.000244140625
0.00048828125
0.00048828125
0.00048828125
0.000244140625
0.000732421875
0.000244140625
0.00048828125
0.00048828125
0.00048828125
0.000244140625
0.00048828125
0.000244140625
0.00048828125
0.00048828125
0.000244140625
0.00048828125
0.00048828125
0.000244140625
0.00048828125
0.00048828125
0.000244140625
0.000732421875
0.000244140625
0.00048828125
0.00048828125
0.000244140625
0.00048828125
0.00048828125
0.000244140625
0.000732421875
0.00048828125
0.000244140625
0.00048828125
0.00048828125
0.000244140625
0.00048828125
0.00048828125
0.000244140625
0.00048828125
0.000244140625
0.00048828125
0.00048828125
2802.061279296875
0.001220703125
0.000732421875
0.00048828125
0.00048828125
0.00048828125
0.00048828125
0.000244140625
0.001953125
0.000244140625
0.00048828125
0.00048828125
0.000244140625
0.00048828125
0.000244140625
0.000732421875
0.00048828125
0.000244140625
0.000244140625
0.00048828125
0.00048828125
0.000244140625
0.00048828125
0.000244140625
0.000732421875
0.000732421875
0.000244140625
0.00048828125
0.00048828125
0.000244140625
0.00048828125
0.000244140625
0.0009765625
0.000244140625
0.00048828125
0.000732421875
0.00048828125
0.000244140625
0.000732421875
0.00048828125
0.000244140625
0.000244140625
0.00048828125
0.000244140625
0.00048828125
0.00048828125
0.0009765625
0.000244140625
0.00048828125
0.00048828125
0.000244140625
0.00048828125
0.000244140625
0.00048828125
0.000732421875
0.000244140625
0.00048828125
0.00048828125
0.001220703125
0.00048828125
0.00048828125
0.000244140625
0.00048828125
0.000244140625
0.00048828125
1453.979248046875
0.00146484375
0.00048828125
0.00048828125
0.00048828125
0.000732421875
0.000244140625
0.00048828125
0.00048828125
0.00048828125
0.000244140625
0.00048828125
0.00048828125
0.000732421875
0.000244140625
0.00048828125
0.00048828125
0.00048828125
0.000244140625
0.000244140625
0.000732421875
0.000244140625
0.00048828125
0.00048828125
0.000244140625
0.000732421875
0.000244140625
0.00048828125
0.000732421875
0.000244140625
0.00048828125
0.00048828125
0.000244140625
0.00048828125
0.000244140625
0.000732421875
0.00048828125
0.00048828125
0.00048828125
0.00048828125
0.000244140625
0.000244140625
0.00048828125
0.000244140625
0.000732421875
0.00048828125
0.00048828125
0.00048828125
0.000244140625
0.00048828125
0.00048828125
0.000244140625
0.000732421875
0.00048828125
0.000244140625
0.00048828125
0.00048828125
0.00048828125
1087.204345703125
0.002197265625
0.0009765625
0.00048828125
0.000732421875
0.000732421875
0.00048828125
0.0009765625
0.000732421875
0.000244140625
0.000244140625
0.000244140625
0.00048828125
0.00048828125
0.000732421875
0.000244140625
0.0009765625
0.00048828125
0.000244140625
0.00048828125
0.00048828125
0.000732421875
0.000244140625
0.00048828125
0.000244140625
0.0009765625
0.00048828125
0.000244140625
0.000732421875
0.00048828125
0.000244140625
0.000244140625
0.00146484375
0.000244140625
0.000732421875
0.0009765625
0.00048828125
0.00048828125
0.000244140625
0.00048828125
0.000732421875
0.00048828125
0.000244140625
0.00048828125
0.00048828125
0.00048828125
0.000732421875
0.00048828125
0.00048828125
0.000244140625
0.00048828125
0.000244140625
0.00048828125
0.00048828125
0.000732421875
0.00048828125
0.000244140625
0.00048828125
0.00146484375
1273.955810546875
0.001953125
0.000732421875
0.000244140625
686.555419921875
0.001953125
0.00048828125
0.00048828125
0.000732421875
0.00048828125
0.000732421875
0.00048828125
0.000732421875
0.00048828125
0.00048828125
0.00048828125
0.0009765625
0.00048828125
0.001220703125
0.00048828125
0.001220703125
0.00048828125
0.00048828125
0.00048828125
0.00048828125
0.00048828125
0.000732421875
0.00048828125
0.00048828125
0.000732421875
0.00048828125
0.00048828125
0.000732421875
0.000244140625
0.00048828125
0.00048828125
0.00048828125
0.00048828125
0.00048828125
0.0009765625
0.00048828125
0.00048828125
0.00048828125
0.000244140625
0.00048828125
0.00048828125
0.000732421875
0.000244140625
0.00048828125
0.000244140625
0.00146484375
0.000244140625
0.000732421875
0.000244140625
0.00048828125
0.00048828125
0.000244140625
0.00048828125
0.00048828125
0.000244140625
7549.24365234375
0.001708984375
0.00048828125
0.00048828125
0.00048828125
0.00048828125
0.000244140625
0.000732421875
0.00048828125
0.00048828125
0.000244140625
0.00048828125
0.00048828125
0.000244140625
0.00048828125
0.000732421875
0.00048828125
0.000244140625
0.00048828125
0.00048828125
0.000244140625
0.00048828125
0.00048828125
0.00048828125
0.000244140625
0.000732421875
0.000244140625
0.00048828125
0.000244140625
0.00048828125
0.00048828125
0.000732421875
0.000244140625
0.00048828125
0.000244140625
0.001708984375
0.000732421875
0.000244140625
0.00048828125
0.00048828125
0.000244140625
0.00048828125
0.00048828125
0.000244140625
0.00048828125
0.00048828125
0.000732421875
0.00048828125
0.000244140625
0.000732421875
0.0009765625
0.00048828125
0.000732421875
0.00048828125
0.000732421875
0.0009765625
0.00048828125
0.00048828125
0.001220703125
0.00048828125
0.000732421875
0.00048828125
0.000732421875
0.000732421875
0.00048828125
0.0009765625
0.00048828125
0.00048828125
0.000732421875
0.00048828125
0.00048828125
0.0009765625
0.0009765625
0.000732421875
0.000732421875
0.0009765625
0.000732421875
0.000732421875
0.0009765625
0.0009765625
0.000732421875
0.00048828125
0.00048828125
0.00048828125
0.000732421875
0.000732421875
0.000732421875
0.000732421875
0.0009765625
0.000244140625
0.0009765625
0.00048828125
0.00048828125
0.00048828125
0.00048828125
0.00048828125
0.000244140625
0.000732421875
0.000244140625
0.00048828125
0.00048828125
0.00048828125
0.00048828125
0.00048828125
0.00048828125
0.00048828125
0.00048828125
0.00048828125
0.00048828125
0.00048828125
0.000244140625
0.000732421875
0.00048828125
0.000244140625
0.00048828125
0.00048828125
0.000244140625
0.00048828125
0.00048828125
0.000732421875
0.00048828125
0.000244140625
0.00048828125
0.00048828125
0.000244140625
0.00048828125
0.0009765625
0.00048828125
0.000244140625
0.00048828125
0.000244140625
0.00048828125
0.000244140625
0.000244140625
0.000732421875
0.00048828125
0.00048828125
0.000244140625
0.00048828125
0.000244140625
0.00048828125
0.00048828125
0.000244140625
0.000732421875
0.00048828125
0.00048828125
0.000244140625
0.00048828125
0.0009765625
0.000732421875
0.00048828125
0.000244140625
0.00048828125
0.00048828125
0.0
0.00048828125
0.00048828125
0.00048828125
0.00048828125
0.00048828125
0.00048828125
0.000244140625
0.00048828125
0.00048828125
0.000244140625
0.000732421875
0.00048828125
0.000244140625
0.00048828125
0.00048828125
0.00048828125
0.000244140625
0.00048828125
0.000732421875
0.00048828125
0.00048828125
0.000244140625
0.000244140625
0.00048828125
0.00048828125
0.000244140625
0.000732421875
0.000244140625
0.00048828125
0.00048828125
0.00048828125
0.000244140625
0.00048828125
0.000732421875
0.00048828125
0.000244140625
0.00048828125
0.000244140625
0.00048828125
0.00048828125
0.00048828125
0.000244140625
0.000732421875
0.00048828125
5976.1494140625
0.001220703125
0.00048828125
0.000732421875
0.00048828125
0.000732421875
0.00048828125
0.000732421875
0.0009765625
0.00048828125
0.00048828125
0.00048828125
0.00048828125
0.00048828125
0.000244140625
0.000732421875
0.001708984375
0.00048828125
0.00048828125
0.000732421875
0.00048828125
0.000732421875
0.00048828125
0.00048828125
0.00048828125
0.000732421875
0.00048828125
0.000244140625
0.000732421875
0.00048828125
0.00048828125
0.00048828125
0.00048828125
0.00048828125
0.000732421875
0.0009765625
0.00048828125
0.00048828125
0.00048828125
0.00048828125
0.000732421875
0.00048828125
0.00048828125
0.00048828125
0.00048828125
0.00048828125
0.000732421875
0.00048828125
0.00048828125
0.00048828125
0.00048828125
0.000244140625
0.00048828125
0.00048828125
0.000732421875
684.457275390625
0.00244140625
0.00048828125
0.000244140625
0.000732421875
0.000732421875
0.000244140625
0.00048828125
0.000732421875
0.00048828125
0.001220703125
0.00048828125
0.000244140625
0.00048828125
0.00048828125
0.00048828125
0.0009765625
0.000732421875
0.000244140625
0.00048828125
0.00048828125
0.00048828125
0.00048828125
0.00048828125
0.000732421875
0.0009765625
0.00048828125
0.000244140625
0.000244140625
0.000244140625
0.00048828125
0.000732421875
0.00048828125
0.00048828125
0.000244140625
0.001220703125
0.0009765625
0.00048828125
0.000244140625
0.00048828125
0.000732421875
0.00048828125
0.000244140625
0.000732421875
0.000732421875
0.000244140625
0.0009765625
0.000244140625
0.00048828125
0.000732421875
0.00048828125
0.00048828125
0.000244140625
0.00048828125
0.00048828125
0.00048828125
0.000732421875
0.00048828125
0.000732421875
0.00048828125
0.00048828125
0.000244140625
0.00048828125
0.000732421875
0.00048828125
0.000244140625
0.00048828125
0.000244140625
0.000244140625
0.00048828125
0.00048828125
0.00048828125
0.000732421875
0.00048828125
0.000244140625
0.00048828125
0.00048828125
0.000244140625
0.00048828125
0.000732421875
0.00048828125
0.000244140625
0.00048828125
0.00048828125
0.000244140625
0.00048828125
0.000732421875
0.000244140625
3181.32861328125
0.001708984375
0.000244140625
0.00048828125
0.00048828125
0.00048828125
0.000244140625
0.00048828125
0.00048828125
0.000732421875
0.00048828125
0.000244140625
0.00048828125
0.000244140625
0.00048828125
0.00048828125
0.000244140625
0.00048828125
0.00048828125
0.00048828125
0.000244140625
0.00048828125
0.00048828125
0.000244140625
0.0009765625
0.000732421875
0.00048828125
0.000244140625
0.00048828125
0.000244140625
0.00048828125
0.00048828125
0.00048828125
0.00048828125
0.00048828125
0.000732421875
0.00048828125
0.000244140625
0.000244140625
0.000732421875
0.00048828125
0.000244140625
0.00048828125
0.000244140625
0.00048828125
0.00048828125
0.0009765625
0.00048828125
0.00048828125
0.000244140625
0.00048828125
0.00048828125
0.000244140625
0.00048828125
0.000244140625
0.000732421875
0.00048828125
0.000244140625
0.0009765625
0.000244140625
0.000244140625
0.000244140625
0.000732421875
0.000244140625
0.00048828125
0.00048828125
0.00048828125
0.000244140625
0.00048828125
0.000244140625
0.000732421875
0.000244140625
0.0009765625
0.000244140625
0.00048828125
0.000244140625
0.00048828125
0.000732421875
0.000244140625
0.00048828125
0.000244140625
0.00048828125
0.000244140625
0.00048828125
0.000244140625
0.000244140625
0.000732421875
0.000244140625
0.00048828125
0.00048828125
0.000244140625
0.00048828125
0.000244140625
0.00048828125
0.000732421875
0.000244140625
0.00048828125
0.000244140625
0.00048828125
0.00048828125
0.000244140625
0.00048828125
0.00048828125
0.00048828125
0.00048828125
0.00048828125
0.00048828125
0.000244140625
0.000244140625
0.000244140625
0.00048828125
0.000732421875
0.000244140625
0.00048828125
0.000244140625
0.00048828125
0.00048828125
0.000244140625
0.00048828125
0.000732421875
0.000244140625
0.00048828125
0.000244140625
0.00048828125
0.00048828125
0.000244140625
0.00048828125
0.00048828125
0.000732421875
0.000244140625
0.00048828125
0.00048828125
0.000244140625
0.00048828125
0.000244140625
0.000732421875
0.00048828125
0.000244140625
0.00048828125
0.000244140625
0.00048828125
0.00048828125
0.000244140625
0.00048828125
0.000732421875
0.000244140625
0.00048828125
0.000244140625
567.58447265625
0.00244140625
0.000244140625
0.00048828125
0.00048828125
0.00048828125
0.00048828125
0.000244140625
0.00048828125
0.00048828125
0.00048828125
0.000244140625
0.00048828125
0.00048828125
0.000244140625
774.950927734375
0.002685546875
0.00048828125
0.000244140625
0.00048828125
0.00048828125
0.00048828125
0.000244140625
0.0009765625
0.000244140625
0.00048828125
0.000244140625
0.00048828125
0.00048828125
0.000244140625
0.00048828125
0.000732421875
0.00048828125
0.00048828125
0.00048828125
0.000244140625
0.00048828125
0.00048828125
0.000732421875
2417.107421875
0.001708984375
0.00048828125
0.00048828125
0.00048828125
0.00048828125
0.000244140625
0.00048828125
0.000732421875
0.00048828125
0.00048828125
0.00048828125
0.000244140625
0.00048828125
0.00048828125
0.00048828125
0.0009765625
0.00048828125
0.000244140625
0.00048828125
0.00048828125
0.00048828125
0.000732421875
0.00048828125
0.000244140625
0.000732421875
0.00048828125
0.000244140625
0.00048828125
0.0009765625
0.000244140625
0.00048828125
0.00048828125
0.00048828125
0.00048828125
0.0009765625
0.00048828125
0.000732421875
0.000244140625
0.00048828125
0.00048828125
0.00048828125
0.000732421875
0.00048828125
0.00048828125
0.00048828125
0.000732421875
0.000244140625
0.000732421875
0.00048828125
0.00048828125
0.00048828125
0.00048828125
0.00048828125
0.00048828125
0.000732421875
0.000244140625
0.00048828125
0.000732421875
0.00048828125
0.00048828125
0.000732421875
0.000732421875
0.00048828125
0.000244140625
0.000244140625
0.000244140625
0.000732421875
0.000244140625
0.000732421875
0.00048828125
0.00048828125
0.000732421875
0.00048828125
0.000244140625
0.00048828125
0.000732421875
0.00048828125
0.00048828125
0.000244140625
0.00048828125
0.00048828125
0.000244140625
0.00048828125
1684.44287109375
0.00146484375
0.000732421875
0.00048828125
0.00048828125
0.00048828125
0.000244140625
0.00048828125
0.00048828125
0.000732421875
0.000244140625
0.00048828125
0.000244140625
0.00048828125
0.000244140625
0.000244140625
0.00048828125
0.00048828125
0.000732421875
0.000244140625
0.00048828125
0.000244140625
0.00048828125
0.00048828125
0.000244140625
0.000732421875
0.00048828125
0.00048828125
0.00048828125
0.000244140625
0.00048828125
0.00048828125
0.000244140625
0.00048828125
0.000732421875
0.000732421875
0.0
0.00048828125
0.000244140625
0.00048828125
0.00048828125
0.000732421875
0.000244140625
0.00048828125
0.00048828125
0.000244140625
0.000732421875
0.00048828125
0.000732421875
0.000244140625
0.00048828125
0.00048828125
0.000244140625
0.00048828125
0.00048828125
0.000244140625
0.00048828125
0.000732421875
0.00048828125
0.00048828125
0.000244140625
0.00048828125
0.000244140625
0.00048828125
0.000732421875
0.00048828125
0.00048828125
0.000244140625
0.00048828125
0.000244140625
0.00048828125
0.00048828125
0.001220703125
0.00048828125
1223.6953125
0.00146484375
0.000244140625
0.000732421875
0.00048828125
0.00048828125
0.000244140625
0.001220703125
0.000732421875
0.000244140625
0.00048828125
0.00048828125
0.000732421875
0.000732421875
0.00048828125
0.00048828125
0.0009765625
0.00048828125
0.000244140625
0.000732421875
0.000244140625
0.000732421875
0.00048828125
0.00048828125
0.00048828125
0.000732421875
0.00048828125
0.00048828125
0.00048828125
0.000244140625
0.00048828125
0.00048828125
0.00048828125
0.00048828125
0.00048828125
0.000732421875
0.000732421875
0.000244140625
0.00048828125
0.00048828125
0.00048828125
0.00048828125
0.000244140625
0.00048828125
0.000732421875
0.00048828125
0.000732421875
0.00048828125
0.000244140625
0.00048828125
0.00048828125
0.000244140625
0.00048828125
0.00048828125
0.000732421875
0.00048828125
0.00048828125
0.00048828125
0.0009765625
0.00048828125
0.000244140625
0.00048828125
0.00048828125
0.00048828125
0.00048828125
0.000244140625
0.00048828125
0.000732421875
0.000244140625
1442.865234375
0.001220703125
0.00048828125
0.000244140625
0.00048828125
0.000732421875
0.00048828125
0.00048828125
0.000732421875
0.00048828125
0.00048828125
0.00048828125
0.00048828125
0.00048828125
0.000244140625
0.00048828125
0.0009765625
0.00048828125
0.0009765625
0.00048828125
0.000244140625
0.00048828125
0.000244140625
0.000244140625
0.00048828125
0.001220703125
0.00048828125
0.00048828125
0.00048828125
0.00048828125
0.00048828125
0.000732421875
0.00048828125
0.000732421875
0.00048828125
0.001220703125
0.000732421875
0.00048828125
0.00048828125
0.00048828125
0.000244140625
0.00048828125
0.000244140625
0.000732421875
0.000732421875
0.000244140625
0.0009765625
0.00048828125
0.0009765625
0.00048828125
0.00048828125
0.00048828125
0.000244140625
0.00048828125
0.00048828125
0.000732421875
0.00048828125
0.00048828125
0.00146484375
6147.90576171875
0.001708984375
0.000244140625
0.000244140625
0.00048828125
0.00048828125
0.00048828125
0.00048828125
0.000244140625
0.000732421875
0.00048828125
0.000244140625
0.00048828125
0.000244140625
0.00048828125
0.00048828125
0.00048828125
0.000732421875
0.000244140625
0.00048828125
0.000244140625
0.00048828125
0.00048828125
0.000244140625
0.00048828125
0.000732421875
0.000244140625
0.00048828125
0.00048828125
0.000244140625
0.00048828125
0.00048828125
0.000244140625
0.000732421875
0.000244140625
0.00146484375
0.00048828125
0.000244140625
0.00048828125
0.000732421875
0.000244140625
0.00048828125
0.00048828125
0.000244140625
0.00048828125
0.00048828125
0.000732421875
0.00048828125
0.000244140625
0.00048828125
0.000244140625
0.00048828125
0.00048828125
0.000244140625
0.000732421875
0.00048828125
0.000244140625
0.00048828125
0.0009765625
0.000244140625
0.00048828125
0.00048828125
0.00048828125
0.00048828125
0.00048828125
0.000244140625
0.00048828125
0.00048828125
0.00048828125
0.000244140625
0.00048828125
0.00048828125
0.001220703125
0.00048828125
0.000244140625
0.000732421875
0.00048828125
0.00048828125
0.00048828125
0.000244140625
0.00048828125
0.00048828125
0.000244140625
0.000732421875
0.00048828125
0.00048828125
0.00048828125
0.000244140625
0.0009765625
0.00048828125
0.00048828125
0.00048828125
0.000244140625
0.00048828125
0.00048828125
0.000244140625
0.00048828125
0.00048828125
0.00048828125
0.00048828125
0.00048828125
0.000244140625
0.00048828125
0.000244140625
0.00048828125
0.000732421875
0.00048828125
0.00048828125
0.000244140625
0.00048828125
0.00048828125
0.000244140625
0.000244140625
0.000732421875
0.000244140625
0.00048828125
0.00048828125
0.000244140625
0.00048828125
0.00048828125
0.000244140625
0.000732421875
0.000244140625
0.00048828125
0.00048828125
0.000244140625
0.00048828125
0.00048828125
0.00048828125
0.00048828125
0.00048828125
0.000244140625
0.00048828125
0.00048828125
0.000244140625
0.00048828125
0.0
0.00048828125
0.000732421875
0.00048828125
0.000244140625
0.00048828125
0.00048828125
0.000244140625
0.00048828125
0.000244140625
0.000732421875
0.00048828125
0.000732421875
0.00048828125
0.00048828125
0.000244140625
0.00048828125
0.000732421875
0.000244140625
0.00048828125
0.00048828125
0.00048828125
0.000244140625
0.00048828125
0.000244140625
0.000732421875
0.00048828125
0.000244140625
0.00048828125
0.000244140625
0.00048828125
0.00048828125
0.000244140625
0.000732421875
946.907958984375
0.001953125
0.000244140625
0.00048828125
0.000732421875
0.000244140625
0.00048828125
0.000732421875
0.000732421875
0.00048828125
0.000732421875
0.000244140625
0.000244140625
0.000732421875
0.00048828125
0.00048828125
0.000732421875
0.000244140625
0.00048828125
0.00048828125
0.000732421875
0.00048828125
1842.6005859375
0.001953125
0.000244140625
0.00048828125
0.00048828125
0.00048828125
0.00048828125
0.000732421875
0.000244140625
0.000244140625
0.00048828125
0.00048828125
0.000244140625
0.00048828125
0.000244140625
0.000732421875
0.00048828125
0.00048828125
0.00048828125
0.000244140625
0.00048828125
0.00048828125
0.000244140625
0.000732421875
0.00048828125
0.000732421875
0.000244140625
0.00048828125
0.00048828125
0.000244140625
0.00048828125
0.00048828125
0.00048828125
0.000244140625
0.00048828125
0.001220703125
0.000732421875
0.00048828125
0.00048828125
0.000244140625
0.00048828125
0.00048828125
0.000244140625
0.00048828125
0.000732421875
0.00048828125
0.000732421875
0.00048828125
0.000244140625
0.00048828125
0.00048828125
0.000244140625
0.00048828125
0.000244140625
0.00048828125
0.00048828125
0.00048828125
0.000244140625
782.3916015625
0.00146484375
0.00048828125
0.00048828125
0.00048828125
0.00048828125
0.00048828125
0.000732421875
0.00048828125
0.0
0.00048828125
0.00048828125
0.00048828125
0.00048828125
0.000732421875
0.000244140625
0.00048828125
0.00048828125
0.000244140625
0.00048828125
0.00048828125
0.000244140625
0.00048828125
0.000732421875
0.000244140625
0.00048828125
0.00048828125
0.00048828125
0.00048828125
0.00048828125
0.00048828125
0.00048828125
0.000244140625
0.000244140625
0.00048828125
0.000732421875
0.00048828125
0.000732421875
0.000244140625
1693.873291015625
0.001708984375
0.00048828125
0.000244140625
0.0009765625
0.00048828125
0.00048828125
0.00048828125
0.00048828125
0.00048828125
0.00048828125
0.000732421875
6225.9228515625
0.001708984375
0.00048828125
0.000244140625
0.00048828125
0.00048828125
0.00048828125
0.000244140625
0.00048828125
0.00048828125
0.00048828125
0.00048828125
0.000244140625
0.000732421875
0.000244140625
0.00048828125
0.000732421875
0.000244140625
0.00048828125
0.00048828125
0.000732421875
0.000244140625
0.00048828125
0.00048828125
0.000244140625
0.000732421875
0.000244140625
0.00048828125
0.00048828125
0.000244140625
0.00048828125
0.00048828125
0.000244140625
0.00048828125
0.00048828125
0.001220703125
0.00048828125
0.000244140625
0.00048828125
0.000244140625
0.00048828125
0.00048828125
0.000732421875
0.000244140625
0.00048828125
0.00048828125
0.00048828125
0.00048828125
0.000244140625
0.00048828125
0.00048828125
0.00048828125
0.000244140625
0.00048828125
0.000244140625
0.00048828125
0.00048828125
0.000244140625
0.001220703125
0.000244140625
0.00048828125
0.00048828125
0.00048828125
0.000244140625
0.00048828125
0.000732421875
0.000244140625
0.00048828125
0.00048828125
0.000244140625
0.00048828125
0.00048828125
0.000732421875
0.000244140625
0.00048828125
0.000244140625
0.00048828125
0.00048828125
0.00048828125
0.000244140625
0.00048828125
0.00048828125
0.00048828125
0.00048828125
0.000244140625
0.00048828125
0.00048828125
0.000244140625
0.001220703125
0.000244140625
0.00048828125
0.000244140625
0.00048828125
0.00048828125
0.000244140625
0.000244140625
0.000244140625
0.000732421875
0.00048828125
0.000244140625
0.00048828125
0.00048828125
0.00048828125
0.000244140625
0.000732421875
0.00048828125
0.00048828125
0.00048828125
0.00048828125
0.000244140625
0.00048828125
0.00048828125
0.00048828125
0.00048828125
0.00048828125
0.000244140625
0.00048828125
0.00048828125
0.000244140625
0.000244140625
0.00048828125
0.00048828125
0.00048828125
0.000244140625
0.00048828125
0.00048828125
0.00048828125
0.00048828125
0.00048828125
0.00048828125
0.00048828125
0.00048828125
0.000244140625
0.00048828125
0.000732421875
0.000732421875
0.00048828125
0.000244140625
0.00048828125
0.00048828125
0.000244140625
0.000244140625
0.00048828125
0.00048828125
0.00048828125
0.00048828125
0.000244140625
0.00048828125
0.0009765625
0.00048828125
0.000732421875
0.00048828125
0.00048828125
0.00048828125
0.00048828125
0.00048828125
0.000244140625
0.000732421875
0.00048828125
0.000244140625
0.00048828125
0.000244140625
0.000244140625
0.00048828125
0.000244140625
0.000732421875
0.00048828125
0.000244140625
0.00048828125
0.00048828125
0.000244140625
0.00048828125
0.000244140625
0.0009765625
0.000244140625
0.00048828125
0.000244140625
0.00048828125
0.00048828125
0.000244140625
0.00048828125
0.000732421875
0.000244140625
0.00048828125
0.000244140625
0.00048828125
0.000244140625
0.000244140625
0.00048828125
0.000732421875
0.000244140625
0.00048828125
0.00048828125
0.000244140625
0.00048828125
0.00048828125
0.000244140625
0.00048828125
0.00048828125
0.00048828125
0.00048828125
0.00048828125
824.168212890625
0.001708984375
0.000732421875
0.00048828125
0.000244140625
0.000244140625
0.00048828125
0.00048828125
0.000732421875
0.000732421875
0.00048828125
0.000244140625
0.00048828125
0.00048828125
0.000244140625
0.00048828125
0.0009765625
0.00048828125
0.00048828125
0.00048828125
0.000244140625
0.00048828125
0.00048828125
0.000244140625
0.000732421875
0.00048828125
0.000244140625
0.00048828125
0.000732421875
0.00048828125
0.000732421875
0.000244140625
0.00048828125
0.00048828125
3264.407470703125
0.00146484375
0.00048828125
0.000244140625
0.000732421875
0.0
0.000732421875
0.00048828125
0.00048828125
0.00048828125
0.00048828125
0.000244140625
0.00048828125
0.00048828125
0.00048828125
0.00048828125
0.000732421875
0.000244140625
0.00048828125
0.000244140625
0.00048828125
0.000732421875
0.000244140625
0.00048828125
0.00048828125
0.00048828125
0.000244140625
0.00048828125
0.000244140625
0.00048828125
0.00048828125
0.00048828125
0.000244140625
0.00048828125
0.000244140625
0.00048828125
0.00048828125
0.000732421875
0.00048828125
0.000244140625
0.00048828125
0.000244140625
0.00048828125
0.00048828125
0.000244140625
0.000732421875
0.00048828125
0.00048828125
0.00048828125
0.000244140625
0.00048828125
0.000244140625
0.000244140625
0.000732421875
0.00048828125
0.000244140625
0.00048828125
0.00048828125
0.001220703125
0.00048828125
0.00048828125
0.00048828125
26195.719970703125
0.001953125
0.000244140625
0.000732421875
0.00048828125
0.00048828125
0.000244140625
0.000244140625
0.00048828125
0.00048828125
0.000732421875
0.000244140625
0.00048828125
0.00048828125
0.000244140625
0.00048828125
0.00048828125
0.00048828125
0.000244140625
0.000732421875
0.00048828125
0.000244140625
0.00048828125
0.000244140625
0.00048828125
0.00048828125
0.000732421875
0.00048828125
0.000244140625
0.00048828125
0.000244140625
0.000244140625
0.00048828125
0.00048828125
0.000244140625
0.000732421875
0.00048828125
0.00048828125
0.000244140625
0.00048828125
0.00048828125
0.000244140625
0.000732421875
0.00048828125
0.000244140625
0.00048828125
0.00048828125
0.00048828125
0.000244140625
0.00048828125
0.000732421875
0.000244140625
0.00048828125
0.000244140625
0.00048828125
0.000244140625
0.00048828125
0.00048828125
0.000732421875
0.00048828125
0.00048828125
0.000244140625
0.00048828125
0.00048828125
0.000244140625
0.00048828125
0.000732421875
0.000244140625
0.00048828125
0.00048828125
0.000244140625
0.00048828125
0.000732421875
0.000244140625
0.000732421875
0.000244140625
0.000244140625
0.00048828125
0.00048828125
0.000244140625
0.00048828125
0.000244140625
0.000732421875
0.00048828125
0.000244140625
0.00048828125
0.000244140625
0.00048828125
0.00048828125
0.00048828125
0.00048828125
0.00048828125
0.00048828125
0.000244140625
0.00048828125
0.00048828125
0.000244140625
0.00048828125
0.000732421875
0.000244140625
0.000244140625
0.000244140625
0.00048828125
0.00048828125
0.000244140625
0.00048828125
0.000732421875
0.00048828125
0.000244140625
0.00048828125
0.00048828125
0.000244140625
0.00048828125
0.00048828125
0.00048828125
0.00048828125
0.000244140625
0.00048828125
0.00048828125
0.000244140625
0.00048828125
0.00048828125
0.000244140625
0.00048828125
0.00048828125
0.000244140625
0.00048828125
0.00048828125
0.00048828125
0.000244140625
0.00048828125
0.000732421875
0.00048828125
0.000244140625
0.00048828125
0.00048828125
0.000244140625
0.00048828125
0.000732421875
0.000244140625
0.00048828125
0.00048828125
0.000244140625
0.00048828125
0.00048828125
0.000244140625
0.00048828125
0.00048828125
0.00048828125
0.000244140625
0.00048828125
0.00048828125
0.000244140625
0.00048828125
0.000732421875
0.000244140625
0.00048828125
0.000244140625
0.00048828125
0.00048828125
0.00048828125
0.000244140625
0.00048828125
0.00048828125
0.00048828125
0.00048828125
0.000244140625
0.00048828125
0.00048828125
0.000244140625
0.00048828125
0.00048828125
0.000244140625
0.00048828125
0.00048828125
0.000244140625
0.00048828125
0.00048828125
0.000244140625
0.000732421875
0.000244140625
0.00048828125
0.00048828125
0.000244140625
0.00048828125
0.00048828125
0.000244140625
0.000732421875
0.000244140625
0.00048828125
0.000732421875
0.000244140625
0.00048828125
0.00048828125
0.000244140625
0.00048828125
0.000244140625
0.00048828125
0.00048828125
0.000244140625
0.00048828125
0.00048828125
0.000244140625
0.00048828125
0.000732421875
0.000244140625
0.00048828125
0.000244140625
0.00048828125
0.00048828125
0.00048828125
0.000244140625
0.000732421875
0.000244140625
0.00048828125
0.00048828125
0.000244140625
0.00048828125
0.00048828125
0.0
0.000732421875
0.00048828125
0.000244140625
0.00048828125
0.00048828125
0.000244140625
0.00048828125
0.00048828125
0.00048828125
0.00048828125
0.00048828125
0.000244140625
0.00048828125
0.00048828125
0.000244140625
0.00048828125
0.000244140625
0.000732421875
0.00048828125
0.000244140625
0.00048828125
0.00048828125
0.000244140625
0.000244140625
0.000244140625
0.000732421875
0.00048828125
0.000244140625
0.00048828125
0.00048828125
0.000244140625
0.00048828125
0.000244140625
0.000732421875
0.00048828125
0.000244140625
0.00048828125
0.00048828125
0.00048828125
0.00048828125
0.000732421875
0.00048828125
0.000244140625
0.00048828125
0.00048828125
0.000244140625
0.000244140625
0.00048828125
0.000244140625
0.000732421875
0.00048828125
0.00048828125
0.00048828125
0.000244140625
0.00048828125
0.00048828125
0.000244140625
0.000732421875
0.00048828125
0.000244140625
0.00048828125
0.00048828125
0.000244140625
0.00048828125
0.000732421875
0.000244140625
0.00048828125
0.00048828125
0.00048828125
0.000244140625
0.000244140625
0.00048828125
0.000244140625
0.000732421875
0.00048828125
0.000244140625
0.00048828125
0.00048828125
0.00048828125
0.000244140625
0.000732421875
0.00048828125
0.00048828125
0.000244140625
0.000732421875
0.000244140625
0.00048828125
0.00048828125
0.00048828125
0.00048828125
0.00048828125
0.00048828125
0.000244140625
0.000244140625
0.00048828125
0.000732421875
0.000244140625
0.00048828125
0.00048828125
0.000244140625
0.00048828125
0.00048828125
0.00048828125
0.000732421875
0.000244140625
0.00048828125
0.00048828125
0.000244140625
0.00048828125
0.00048828125
0.00048828125
0.000244140625
0.000732421875
0.000244140625
0.00048828125
0.00048828125
0.000244140625
0.000244140625
0.00048828125
0.000732421875
0.000244140625
0.00048828125
0.00048828125
0.000244140625
0.00048828125
0.00048828125
0.000244140625
0.00048828125
0.000732421875
0.000244140625
0.00048828125
0.00048828125
0.00048828125
0.000244140625
0.00048828125
0.000732421875
0.000244140625
0.00048828125
0.00048828125
0.000244140625
0.000244140625
0.00048828125
0.00048828125
0.000244140625
0.000732421875
0.00048828125
0.000244140625
0.00048828125
0.00048828125
0.000244140625
0.00048828125
0.000732421875
0.000244140625
0.00048828125
0.00048828125
0.000244140625
0.00048828125
0.00048828125
0.000244140625
0.00048828125
0.000732421875
0.000244140625
0.00048828125
0.0
0.00048828125
0.00048828125
0.00048828125
0.000244140625
0.000732421875
0.00048828125
0.000244140625
0.00048828125
0.00048828125
0.000244140625
0.00048828125
0.00048828125
0.000732421875
0.00048828125
0.000244140625
0.00048828125
0.00048828125
0.00048828125
0.00048828125
0.000244140625
0.000732421875
0.006103515625
0.000732421875
0.00048828125
0.000244140625
0.00048828125
0.00048828125
0.000244140625
0.00048828125
0.000732421875
0.000244140625
0.000244140625
0.00048828125
0.00048828125
0.00048828125
0.000244140625
0.00048828125
0.000732421875
0.00048828125
0.000244140625
0.000732421875
0.000244140625
0.00048828125
0.00048828125
0.000244140625
0.000732421875
0.00048828125
0.00048828125
0.000244140625
0.00048828125
0.00048828125
0.000244140625
0.00048828125
0.000732421875
0.000244140625
0.000244140625
0.00048828125
0.00048828125
0.00048828125
0.000244140625
0.00048828125
0.000732421875
0.00048828125
0.000244140625
0.00048828125
0.00048828125
0.000244140625
0.00048828125
0.000732421875
0.00048828125
0.000244140625
0.00048828125
0.000732421875
0.000244140625
0.00048828125
0.00048828125
0.00048828125
0.000244140625
0.00048828125
0.00048828125
0.00048828125
0.00048828125
0.000244140625
0.000732421875
0.00048828125
0.000244140625
0.00048828125
0.00048828125
0.00048828125
0.00048828125
0.000244140625
0.000732421875
0.00048828125
0.000244140625
0.00048828125
0.00048828125
0.00048828125
0.000244140625
0.00048828125
0.00048828125
0.000244140625
0.00048828125
0.00048828125
0.000244140625
0.00048828125
0.00048828125
0.00048828125
0.00048828125
0.00048828125
0.00048828125
0.000244140625
0.00048828125
0.00048828125
0.00048828125
0.000244140625
0.000732421875
0.00048828125
0.00048828125
0.000244140625
0.00048828125
0.00048828125
0.000244140625
0.00048828125
0.00048828125
0.000244140625
0.00048828125
0.00048828125
0.00048828125
0.000244140625
0.00048828125
0.00048828125
0.00048828125
0.00048828125
0.00048828125
0.000244140625
0.00048828125
0.00048828125
0.00048828125
0.000244140625
0.000732421875
0.00048828125
0.00048828125
0.000244140625
0.00048828125
0.00048828125
0.000244140625
0.000244140625
0.000732421875
0.00048828125
0.000244140625
0.00048828125
0.00048828125
0.000244140625
0.00048828125
0.000732421875
0.00048828125
0.000244140625
0.00048828125
0.00048828125
0.00048828125
0.000244140625
0.00048828125
0.000732421875
0.000244140625
0.00048828125
0.00048828125
0.00048828125
0.000244140625
0.00048828125
0.000244140625
0.000732421875
0.000244140625
0.00048828125
0.00048828125
0.000244140625
0.00048828125
0.00048828125
0.000244140625
0.000732421875
0.00048828125
0.00048828125
0.000244140625
0.000732421875
0.000244140625
0.00048828125
0.000732421875
0.00048828125
0.000244140625
0.00048828125
0.001708984375
0.000732421875
0.00048828125
0.000244140625
0.00048828125
0.00048828125
0.00048828125
0.000244140625
0.00048828125
0.000732421875
0.00048828125
0.000244140625
0.00048828125
0.00048828125
0.000244140625
0.00048828125
0.000732421875
0.00048828125
0.000244140625
0.00048828125
0.00048828125
0.000244140625
0.000244140625
0.00048828125
0.000244140625
0.000732421875
0.00048828125
0.00048828125
0.000244140625
0.00048828125
0.00048828125
0.000244140625
0.000732421875
0.00048828125
0.000244140625
0.00048828125
0.00048828125
0.00048828125
0.000244140625
0.00048828125
0.000732421875
0.000244140625
0.00048828125
0.00048828125
0.00048828125
0.0
0.00048828125
0.00048828125
0.00048828125
0.00048828125
0.00048828125
0.00048828125
0.00048828125
0.000244140625
0.00048828125
0.00048828125
0.00048828125
0.00048828125
0.00048828125
0.000244140625
0.00048828125
0.00048828125
0.00048828125
0.000244140625
0.000732421875
0.00048828125
0.000244140625
0.00048828125
0.000244140625
0.00048828125
0.000244140625
0.00048828125
0.000732421875
0.00048828125
0.000244140625
0.00048828125
0.00048828125
0.00048828125
0.000244140625
0.00048828125
0.000732421875
0.000244140625
0.00048828125
0.00048828125
0.00048828125
0.000244140625
0.00048828125
0.000732421875
0.000244140625
0.00048828125
0.00048828125
0.000244140625
0.000244140625
0.00048828125
0.00048828125
0.000244140625
0.000732421875
0.00048828125
0.000244140625
0.00048828125
0.00048828125
0.00048828125
0.00048828125
0.00048828125
0.00048828125
0.00048828125
0.00048828125
0.00048828125
0.00048828125
0.000244140625
0.00048828125
0.000732421875
0.000244140625
0.00048828125
0.000244140625
0.000244140625
0.00048828125
0.00048828125
0.000244140625
0.000732421875
0.00048828125
0.000244140625
0.00048828125
0.00048828125
0.000244140625
0.00048828125
0.00048828125
0.000732421875
0.000244140625
0.00048828125
0.00048828125
0.000244140625
0.00048828125
0.00048828125
0.000244140625
0.000732421875
0.00048828125
0.000244140625
0.000244140625
0.00048828125
