BALANCES h:473.0  d:228.0  q:734.0  g:615.0  v:276.0  x:428.0  z:642.0  t:15.0  n:349.0  w:109.0  o:524.0  i:293.0  y:573.0  u:94.0  p:6.0  l:376.0  m:562.0  b:421.0  r:49.0  c:609.0  f:652.0  k:73.0  a:301.0  s:99.0  j:31.0  e:757.0 

BANDWIDTH: 
0
984
212
0
0
37433
17924
212
424
17907
982
10520
8132
2400
1655
0
212
0
0
110301
23927
53455
97491
60835
5581
40044
60083
4456
56351
62701
75067
47565
13364
46138
87008
69807
73623
27448
82875
31426
34215
75040
51264
36285
10386
108949
62752
51637
11321
0
0
85824
59631
44023
0
31399
50231
9467
57367
65429
12742
48398
216
87311
35137
58089
34758
0
0
0
170005
166280
119096
39847
72829
14737
127888
94718
47612
12850
38810
31452
39317
12819
0
0
6581
123390
82785
625
0
140938
20488
72115
34505
12967
48028
30173
119399
14630
27489
10112
66530
53121
27529
57902
75469
17253
0
0
11810
67128
52659
70351
35241
20216
65490


DELAY: 
0.00146484375
0.00048828125
0.00048828125
0.00048828125
0.000732421875
0.00048828125
0.00048828125
0.00048828125
0.000732421875
0.00048828125
0.000732421875
0.000244140625
0.00048828125
0.00048828125
0.00048828125
0.000732421875
0.000732421875
0.00048828125
0.00048828125
0.00048828125
0.000732421875
0.00048828125
0.00048828125
0.000732421875
0.00048828125
0.0009765625
0.00048828125
0.00048828125
0.00048828125
0.000244140625
0.00048828125
0.00048828125
0.00048828125
0.000244140625
0.0009765625
0.001220703125
0.00048828125
0.000244140625
0.00048828125
0.00048828125
0.000244140625
0.00048828125
0.000732421875
0.00048828125
0.000244140625
0.0009765625
0.00048828125
0.00048828125
0.00048828125
0.000244140625
0.00048828125
0.00048828125
0.000244140625
0.00048828125
0.000244140625
0.00048828125
0.000732421875
0.001220703125
0.0009765625
0.000244140625
0.00048828125
0.000244140625
0.000732421875
0.00048828125
0.00048828125
0.000244140625
0.00048828125
0.00048828125
0.000244140625
0.000244140625
0.000732421875
0.001220703125
0.0009765625
0.00048828125
0.00048828125
0.00048828125
0.00048828125
0.000244140625
0.00048828125
234.696533203125
2514.507568359375
364.7236328125
0.001708984375
0.000732421875
0.000732421875
0.00048828125
0.000732421875
0.000732421875
0.0009765625
0.00048828125
0.00048828125
0.000732421875
0.000732421875
0.00048828125
0.000244140625
0.00048828125
0.00048828125
0.0009765625
0.00048828125
0.00048828125
0.00048828125
0.00048828125
0.00048828125
0.000244140625
0.001220703125
0.000244140625
0.0009765625
0.00048828125
0.00048828125
7413.367919921875
0.001708984375
0.00048828125
0.00048828125
0.000732421875
0.000244140625
0.00048828125
0.00048828125
0.00048828125
0.00048828125
0.000244140625
0.000732421875
0.00048828125
0.000244140625
0.00048828125
0.00048828125
0.000732421875
0.00146484375
0.000244140625
0.00048828125
0.00048828125
0.000244140625
0.00048828125
0.00048828125
0.000244140625
0.0009765625
0.000244140625
0.00048828125
0.000244140625
0.00048828125
0.00048828125
0.00048828125
0.000732421875
0.000244140625
0.00048828125
0.0009765625
0.000244140625
0.00048828125
0.000732421875
0.00048828125
0.00048828125
0.00048828125
0.00048828125
0.00048828125
0.00048828125
0.000244140625
0.00146484375
0.000244140625
0.00048828125
0.000244140625
0.00048828125
0.000732421875
0.00048828125
0.00048828125
0.000244140625
0.00048828125
0.00048828125
0.000244140625
0.001708984375
0.00048828125
0.00048828125
0.000244140625
0.00048828125
0.00048828125
0.000732421875
0.00048828125
0.000244140625
0.000244140625
0.00048828125
0.000244140625
0.00048828125
0.00048828125
0.000732421875
0.00048828125
0.00048828125
0.000244140625
0.00048828125
0.00048828125
0.00048828125
0.000244140625
0.000732421875
0.00048828125
0.00048828125
0.00048828125
0.000244140625
0.00048828125
0.00048828125
0.000732421875
0.00048828125
0.000244140625
0.00048828125
0.00048828125
0.00048828125
0.00048828125
0.000732421875
0.00048828125
0.00048828125
0.00048828125
0.000244140625
0.00048828125
0.00048828125
0.000732421875
0.00048828125
0.000244140625
0.00048828125
0.00048828125
0.00048828125
0.00048828125
0.000244140625
0.000732421875
2198.189208984375
0.001220703125
0.00048828125
0.000244140625
0.00048828125
0.00048828125
0.00048828125
0.000244140625
0.000732421875
0.00048828125
0.000244140625
0.00048828125
0.000732421875
0.000244140625
0.000732421875
0.000244140625
0.000732421875
0.00048828125
0.000244140625
0.000732421875
0.000244140625
0.00048828125
0.00048828125
0.00048828125
0.000244140625
0.000732421875
0.0
0.000732421875
0.00048828125
0.000244140625
0.00048828125
0.000244140625
0.00048828125
0.00048828125
0.000244140625
0.0009765625
0.00048828125
0.000244140625
0.00048828125
0.00048828125
0.000244140625
0.00048828125
0.000244140625
0.000732421875
0.00048828125
0.000244140625
0.000732421875
0.000244140625
0.00048828125
0.000244140625
0.000732421875
0.00048828125
0.00048828125
0.000244140625
0.00048828125
0.00048828125
0.000244140625
0.00048828125
0.000732421875
0.00048828125
0.00048828125
0.000244140625
0.00048828125
0.00048828125
0.000244140625
0.00048828125
0.00048828125
0.00048828125
0.00048828125
0.000244140625
0.00048828125
0.00048828125
0.000244140625
0.000244140625
0.000732421875
0.00048828125
0.00048828125
0.000244140625
0.00048828125
0.000244140625
0.00048828125
0.00048828125
0.00048828125
0.00048828125
0.00048828125
0.000244140625
0.00048828125
0.000244140625
0.00048828125
0.00048828125
0.001953125
0.00048828125
0.000244140625
0.000244140625
0.00048828125
0.000732421875
0.00048828125
0.000244140625
0.00048828125
0.00048828125
0.000244140625
0.00048828125
0.00048828125
0.00048828125
0.00048828125
0.00048828125
0.000732421875
0.00048828125
0.000244140625
0.00048828125
0.000732421875
0.00048828125
0.000244140625
0.00048828125
0.00048828125
0.000244140625
0.000244140625
0.00048828125
0.000732421875
0.000244140625
0.00048828125
0.00048828125
0.000244140625
0.00048828125
0.00048828125
0.000244140625
0.000732421875
0.00048828125
0.00048828125
0.000244140625
0.00048828125
0.00048828125
0.000244140625
0.00048828125
0.000732421875
872.33740234375
0.00146484375
0.000732421875
0.00048828125
0.000732421875
0.00048828125
0.000244140625
0.00048828125
0.0009765625
0.000732421875
0.00048828125
0.00048828125
0.00048828125
0.00048828125
0.000244140625
0.00048828125
0.0009765625
0.00048828125
0.00048828125
0.00048828125
0.00048828125
0.000732421875
0.000244140625
0.00048828125
0.00048828125
0.000732421875
0.00048828125
0.00048828125
5761.037841796875
0.001953125
0.000732421875
0.000244140625
0.000732421875
0.000244140625
0.00048828125
0.00048828125
0.00048828125
0.00048828125
0.00048828125
0.000244140625
0.000732421875
0.00048828125
0.00048828125
0.000244140625
0.0009765625
0.00048828125
0.000244140625
0.000732421875
0.00048828125
0.00048828125
0.00048828125
0.00048828125
0.000244140625
0.0009765625
0.00048828125
0.000244140625
0.00048828125
0.00048828125
0.000244140625
0.00048828125
0.00048828125
0.000732421875
0.000244140625
0.000732421875
0.00048828125
0.00048828125
0.00048828125
0.000244140625
0.000732421875
0.000244140625
0.00048828125
0.00048828125
0.00048828125
0.000244140625
0.00048828125
0.000244140625
0.000732421875
0.00048828125
0.000244140625
0.00048828125
0.00048828125
0.000244140625
0.00048828125
0.00048828125
0.00048828125
0.00048828125
0.000732421875
0.000244140625
0.00048828125
0.00048828125
0.000244140625
0.00048828125
0.00048828125
0.00048828125
0.00048828125
0.00048828125
0.000244140625
0.00048828125
0.00048828125
0.000244140625
0.0009765625
0.000244140625
0.00048828125
0.000244140625
0.00048828125
0.00048828125
0.000244140625
0.000732421875
0.00048828125
0.00048828125
0.000244140625
0.00048828125
0.00048828125
0.000244140625
0.00048828125
0.000732421875
0.000244140625
0.00048828125
0.00048828125
0.0
0.00048828125
0.00048828125
0.000244140625
0.000732421875
0.000244140625
0.00048828125
0.00048828125
0.000244140625
0.00048828125
0.00048828125
0.00048828125
0.000244140625
0.000732421875
0.00048828125
0.00048828125
0.000244140625
0.00048828125
0.000244140625
0.00048828125
0.000732421875
0.000244140625
0.00048828125
0.00048828125
0.0
0.00048828125
0.00048828125
0.00048828125
0.000244140625
0.000732421875
0.00048828125
0.000244140625
0.00048828125
0.00048828125
0.000244140625
0.001220703125
0.00048828125
0.000244140625
0.00048828125
0.00048828125
0.000244140625
0.00048828125
0.00048828125
0.000244140625
0.000732421875
0.00048828125
0.000244140625
0.000244140625
0.00048828125
0.000244140625
0.00048828125
1352.158447265625
0.002197265625
0.00146484375
0.00048828125
0.00048828125
0.00048828125
0.000732421875
0.000244140625
0.000732421875
0.000244140625
0.00048828125
0.00048828125
0.000244140625
0.000732421875
0.00048828125
0.00048828125
0.000732421875
0.00048828125
0.000244140625
0.00048828125
0.000732421875
0.000244140625
0.000244140625
0.00048828125
0.000244140625
0.0009765625
0.00048828125
0.000244140625
0.000732421875
0.00048828125
0.000244140625
0.00048828125
0.00048828125
0.000244140625
0.00048828125
0.001220703125
0.00048828125
0.000244140625
0.000732421875
0.00048828125
0.00048828125
0.000244140625
0.00048828125
0.00048828125
0.00048828125
0.00048828125
0.000732421875
0.00048828125
0.000732421875
0.000244140625
0.000732421875
0.00048828125
0.00048828125
0.00048828125
0.00048828125
0.000732421875
0.000244140625
0.00048828125
0.00146484375
0.00048828125
0.00048828125
0.00048828125
0.00048828125
0.000244140625
0.00048828125
0.00048828125
0.00048828125
0.000244140625
0.000732421875
0.00048828125
0.000244140625
0.00048828125
0.001220703125
0.000732421875
0.000732421875
0.00048828125
0.000244140625
0.00048828125
0.00048828125
0.00048828125
0.00048828125
0.00048828125
0.00048828125
0.000244140625
0.00048828125
0.00048828125
0.00048828125
0.000244140625
0.000732421875
0.00048828125
0.00048828125
0.00048828125
0.00048828125
0.00048828125
0.00048828125
0.00048828125
791.786376953125
0.00146484375
0.00048828125
0.000732421875
0.00048828125
0.00048828125
0.000244140625
0.000732421875
0.00048828125
0.000244140625
0.000244140625
0.000732421875
0.00048828125
0.000244140625
0.00048828125
0.00048828125
0.00048828125
0.000244140625
0.000732421875
0.00048828125
0.000244140625
0.00048828125
0.00048828125
2332.683837890625
0.001220703125
0.00048828125
0.000732421875
0.000244140625
0.00048828125
0.000244140625
0.00048828125
0.00048828125
0.00048828125
0.000732421875
0.00048828125
0.000244140625
0.00048828125
0.00048828125
0.00048828125
0.000732421875
0.00048828125
0.00048828125
0.00048828125
0.000244140625
0.00048828125
0.00048828125
0.00048828125
0.000244140625
0.000732421875
0.00048828125
0.00048828125
0.00048828125
0.000244140625
0.00048828125
0.00048828125
0.000732421875
0.000244140625
0.00048828125
0.0009765625
0.0009765625
0.000244140625
0.000732421875
0.00048828125
0.000244140625
0.00048828125
0.00048828125
0.000244140625
0.00048828125
0.00048828125
0.000732421875
0.00048828125
0.00048828125
0.000244140625
0.00048828125
0.000244140625
0.00048828125
0.000732421875
0.00048828125
0.000244140625
0.00048828125
0.00048828125
0.00048828125
0.00048828125
0.000244140625
0.000732421875
0.00048828125
0.00048828125
0.000244140625
0.00048828125
0.000244140625
0.00048828125
775.181640625
0.001708984375
0.00048828125
0.00048828125
0.00048828125
0.000732421875
0.000244140625
0.00048828125
1147.181396484375
0.001953125
0.00048828125
0.000732421875
0.000732421875
0.00048828125
0.00048828125
0.000732421875
0.00048828125
0.00048828125
0.0009765625
0.00048828125
0.000732421875
0.00048828125
0.00048828125
0.00048828125
0.0009765625
0.00048828125
0.000732421875
0.00048828125
0.00048828125
0.00048828125
0.000244140625
0.00048828125
0.00048828125
0.001220703125
0.000244140625
0.00048828125
0.000732421875
0.000244140625
0.00048828125
0.000732421875
0.00048828125
0.00048828125
0.00048828125
0.0009765625
0.000732421875
0.00048828125
0.000244140625
0.00048828125
0.00048828125
0.00048828125
0.00048828125
0.000244140625
0.000732421875
0.00048828125
0.0009765625
0.00048828125
0.00048828125
0.00048828125
0.00048828125
0.00048828125
0.00146484375
0.00048828125
0.00048828125
0.00048828125
0.00048828125
0.00048828125
0.00146484375
0.000732421875
0.00048828125
0.000244140625
0.00048828125
0.000244140625
0.00048828125
0.00048828125
0.00048828125
0.000732421875
0.000244140625
0.00048828125
0.00048828125
0.00048828125
0.0009765625
0.000244140625
0.000732421875
0.00048828125
0.00048828125
0.000244140625
0.00048828125
0.00048828125
0.000244140625
0.00048828125
0.00048828125
0.00048828125
0.000244140625
0.00048828125
0.00048828125
0.000244140625
0.000732421875
0.000244140625
0.000732421875
0.00048828125
0.000244140625
0.00048828125
0.00048828125
0.000244140625
3911.716064453125
0.001708984375
0.00048828125
0.00048828125
0.000732421875
0.00048828125
0.00048828125
0.000244140625
0.00048828125
0.00048828125
0.000244140625
0.000732421875
0.00048828125
0.00048828125
0.000244140625
0.00048828125
0.00048828125
0.000244140625
0.00048828125
0.000732421875
0.000244140625
0.00048828125
0.000244140625
0.000244140625
0.00048828125
0.00048828125
0.00048828125
0.000732421875
0.000244140625
0.00048828125
0.00048828125
0.000244140625
0.00048828125
0.00048828125
0.000244140625
0.0009765625
0.00048828125
0.000244140625
0.00048828125
0.00048828125
0.000244140625
0.00048828125
0.000732421875
0.000244140625
0.00048828125
0.0
0.0009765625
0.000244140625
0.00048828125
0.00048828125
0.00048828125
0.00048828125
0.00048828125
0.000244140625
0.00048828125
0.00048828125
0.000244140625
0.00048828125
0.000732421875
0.0009765625
0.000244140625
0.00048828125
0.00048828125
0.000244140625
0.00048828125
0.00048828125
0.00048828125
0.000244140625
0.000244140625
0.00048828125
0.00048828125
0.000244140625
0.00048828125
0.000732421875
0.000244140625
0.00048828125
0.00048828125
0.000244140625
0.00048828125
0.00048828125
0.000244140625
0.000732421875
0.00048828125
0.000244140625
0.00048828125
0.00048828125
0.000244140625
0.00048828125
0.00048828125
0.000244140625
0.000732421875
0.000244140625
0.000244140625
0.00048828125
0.000244140625
0.00048828125
0.00048828125
0.000244140625
0.000732421875
0.00048828125
0.000244140625
0.00048828125
0.00048828125
0.000244140625
0.00048828125
0.00048828125
0.000732421875
0.000244140625
0.00048828125
0.00048828125
0.000244140625
0.00048828125
0.00048828125
798.67919921875
0.001220703125
0.000732421875
0.000244140625
0.00048828125
0.00048828125
0.0009765625
0.00048828125
0.000732421875
0.00048828125
0.000732421875
0.000732421875
0.000244140625
0.00048828125
0.000732421875
0.00048828125
0.000732421875
0.000732421875
0.00048828125
0.000732421875
0.000732421875
0.00048828125
0.00048828125
0.000244140625
0.00048828125
0.000732421875
0.000732421875
0.00048828125
0.00048828125
0.000732421875
0.000244140625
0.00048828125
0.000732421875
0.000244140625
0.00048828125
0.001220703125
0.00048828125
0.0009765625
0.00048828125
0.00048828125
0.000732421875
0.000244140625
0.00048828125
0.00048828125
0.000732421875
0.00048828125
0.0009765625
0.000244140625
0.000244140625
0.00048828125
0.000732421875
0.00048828125
0.00048828125
0.000244140625
0.00048828125
840.218505859375
0.001708984375
0.000732421875
0.00048828125
0.000732421875
0.000732421875
0.00048828125
0.00146484375
0.000732421875
0.000732421875
0.00048828125
2436.026123046875
0.001953125
0.000732421875
0.000244140625
0.000732421875
0.00048828125
0.000244140625
0.00048828125
0.000732421875
0.000244140625
0.000732421875
0.00048828125
0.000244140625
0.00048828125
0.00048828125
0.000244140625
0.0009765625
0.000244140625
0.00048828125
0.00048828125
0.000244140625
0.00048828125
0.00048828125
0.000244140625
0.00048828125
0.0009765625
0.00048828125
0.000244140625
0.00048828125
0.000244140625
0.00048828125
0.00048828125
0.000732421875
0.000244140625
0.00048828125
0.000732421875
0.000244140625
0.00048828125
0.000244140625
0.000732421875
0.000244140625
0.00048828125
0.00048828125
0.00048828125
0.00048828125
0.000244140625
0.001220703125
0.000244140625
0.00048828125
0.00048828125
0.00048828125
0.000244140625
0.00048828125
0.00048828125
0.000732421875
0.000244140625
0.00048828125
0.00048828125
0.002197265625
0.000244140625
0.00048828125
0.00048828125
0.00048828125
0.00048828125
0.000244140625
0.000732421875
0.00048828125
0.000244140625
0.00048828125
0.00048828125
0.00048828125
0.00048828125
0.0009765625
0.00048828125
0.00048828125
0.000244140625
0.00048828125
0.00048828125
0.000244140625
0.000732421875
0.00048828125
0.000244140625
3048.82568359375
0.00146484375
0.00048828125
0.00048828125
0.00048828125
0.000244140625
0.00048828125
0.00048828125
0.000732421875
0.00048828125
0.000244140625
0.00048828125
0.000244140625
0.00048828125
0.00048828125
0.00048828125
0.0009765625
0.00048828125
0.00048828125
0.00048828125
0.000244140625
0.00048828125
0.000244140625
0.00048828125
0.00048828125
0.00048828125
0.00048828125
0.000244140625
0.00048828125
0.00048828125
0.000244140625
0.000732421875
0.00048828125
0.000244140625
0.00048828125
0.00048828125
0.00048828125
0.00048828125
0.000732421875
0.00048828125
0.00048828125
0.000244140625
0.00048828125
0.000244140625
0.000732421875
0.000732421875
0.00048828125
0.00048828125
0.000244140625
0.00048828125
0.00048828125
0.000244140625
0.00048828125
0.000732421875
0.00048828125
0.000244140625
0.00048828125
0.00048828125
0.00048828125
0.00048828125
0.000732421875
0.000244140625
0.00048828125
0.00048828125
0.000244140625
0.00048828125
0.000244140625
0.000244140625
0.000732421875
0.00048828125
0.000244140625
0.00048828125
0.00048828125
0.00048828125
0.00048828125
0.000244140625
0.000732421875
0.00048828125
0.00048828125
0.000244140625
0.00048828125
0.000244140625
0.00048828125
0.00048828125
0.000732421875
0.000244140625
0.00048828125
0.00048828125
0.000244140625
0.00048828125
0.000244140625
0.00048828125
0.000732421875
0.00048828125
0.000244140625
0.00048828125
0.00048828125
0.000244140625
0.00048828125
0.000732421875
0.00048828125
0.000244140625
0.00048828125
0.00048828125
0.000244140625
0.00048828125
0.00048828125
0.000244140625
0.000732421875
0.00048828125
0.00634765625
0.00048828125
0.000244140625
0.00048828125
0.00048828125
0.000244140625
0.00048828125
0.00048828125
0.00048828125
0.00048828125
0.00048828125
0.000244140625
0.000244140625
0.00048828125
448.862060546875
0.0009765625
0.00048828125
0.00048828125
0.00048828125
0.00048828125
0.00048828125
32.822021484375
0.00146484375
0.000244140625
0.00048828125
0.00048828125
0.00048828125
0.00048828125
0.000244140625
0.000732421875
0.00048828125
0.00048828125
0.000244140625
0.00048828125
0.00048828125
0.000244140625
0.00048828125
0.0009765625
0.00048828125
0.000244140625
0.00048828125
0.00048828125
0.000244140625
0.00048828125
0.00048828125
0.000244140625
0.00048828125
0.00048828125
0.00048828125
0.00048828125
0.000244140625
0.00048828125
2728.6728515625
0.00146484375
0.00048828125
0.00048828125
0.000244140625
0.000244140625
0.000732421875
0.00048828125
0.00048828125
0.00048828125
0.00048828125
0.000244140625
0.00048828125
0.000244140625
0.000732421875
0.00048828125
0.000732421875
0.00048828125
0.000244140625
0.00048828125
0.00048828125
0.000732421875
0.000244140625
0.00048828125
0.00048828125
0.000732421875
0.00048828125
0.000732421875
0.00048828125
0.0009765625
0.000244140625
0.00048828125
0.00048828125
0.000244140625
0.000732421875
0.000732421875
6166.538330078125
0.00146484375
0.00048828125
0.000732421875
0.00048828125
0.00048828125
0.00048828125
0.00048828125
0.000732421875
0.000244140625
0.000732421875
0.00048828125
0.00048828125
0.00048828125
0.000244140625
0.00048828125
0.0009765625
0.00048828125
0.000244140625
0.000244140625
0.00048828125
0.000244140625
0.00048828125
0.00048828125
0.000244140625
0.0009765625
0.000244140625
0.00048828125
0.00048828125
0.00048828125
0.000244140625
0.00048828125
0.000732421875
0.00048828125
0.000244140625
0.0009765625
0.00048828125
0.000244140625
0.00048828125
0.000732421875
0.00048828125
0.0
0.00048828125
0.00048828125
0.00048828125
0.000244140625
0.001220703125
0.000244140625
0.00048828125
0.00048828125
0.00048828125
0.00048828125
0.000244140625
0.000732421875
0.00048828125
0.000244140625
0.00048828125
0.00048828125
0.00048828125
0.00048828125
0.000244140625
0.000732421875
0.00048828125
0.0
0.00048828125
0.00048828125
0.000244140625
0.00048828125
0.000244140625
0.000732421875
0.00048828125
0.000244140625
0.0009765625
0.000244140625
0.00048828125
0.00048828125
0.000244140625
0.000732421875
0.000244140625
0.00048828125
0.00048828125
0.000244140625
0.00048828125
0.00048828125
0.000244140625
0.000732421875
0.000244140625
0.000244140625
0.00048828125
0.00048828125
0.00048828125
0.000244140625
0.00048828125
0.000732421875
0.000244140625
0.00048828125
0.00048828125
0.00048828125
0.00048828125
0.00048828125
0.000732421875
0.00048828125
0.00048828125
0.00048828125
0.00048828125
0.00048828125
0.00048828125
0.00048828125
0.000244140625
0.00048828125
0.00048828125
0.000244140625
0.00048828125
0.000244140625
0.00048828125
0.000732421875
0.00048828125
0.000244140625
0.00048828125
0.00048828125
0.0087890625
0.000244140625
0.00048828125
0.00048828125
0.00048828125
0.000244140625
0.000732421875
0.000244140625
0.000732421875
0.00048828125
0.00048828125
0.00048828125
0.000244140625
0.00048828125
0.00048828125
0.00048828125
0.00048828125
0.000244140625
0.00048828125
0.00048828125
0.00048828125
0.000244140625
0.0009765625
0.000244140625
0.00048828125
0.00048828125
0.000244140625
0.000732421875
0.00048828125
0.000244140625
0.000732421875
0.00048828125
0.000244140625
0.00048828125
3441.393798828125
0.001953125
0.00048828125
0.00048828125
0.005126953125
0.00048828125
0.000244140625
0.00048828125
0.000732421875
0.00048828125
0.00048828125
0.000244140625
0.000732421875
0.000244140625
0.00048828125
0.00048828125
0.000732421875
0.00048828125
0.000732421875
0.000244140625
0.00048828125
0.00048828125
0.00048828125
0.000244140625
0.00048828125
0.001220703125
0.000244140625
0.00048828125
0.00048828125
0.000244140625
0.00048828125
0.00048828125
0.000244140625
0.000732421875
0.00048828125
0.000732421875
0.00048828125
0.000244140625
0.00048828125
0.000732421875
0.000244140625
0.00048828125
0.00048828125
0.000244140625
0.000732421875
0.000244140625
0.000732421875
0.000732421875
0.00048828125
0.000244140625
0.00048828125
0.00048828125
0.00048828125
0.000244140625
0.000732421875
0.00048828125
0.000244140625
0.00048828125
0.000732421875
0.00048828125
0.000244140625
0.000732421875
0.00048828125
0.000244140625
0.00048828125
0.00048828125
0.000244140625
0.00048828125
0.00048828125
0.00048828125
0.00048828125
0.00048828125
0.00048828125
0.00048828125
0.000244140625
0.00048828125
0.00048828125
0.00048828125
0.00048828125
0.000244140625
0.00048828125
0.000244140625
0.00048828125
0.000244140625
0.00048828125
0.00048828125
0.00048828125
0.00048828125
0.00048828125
0.00048828125
0.000244140625
0.000732421875
0.000244140625
0.000732421875
0.000244140625
0.00048828125
258.22509765625
0.001220703125
0.00048828125
0.000244140625
0.00048828125
0.000732421875
0.00048828125
0.000244140625
0.000732421875
0.000244140625
0.00048828125
0.00048828125
0.000244140625
2987.41748046875
0.001220703125
0.0009765625
0.00048828125
0.000732421875
0.00048828125
0.00048828125
0.000244140625
0.0009765625
0.00048828125
0.000244140625
0.00048828125
0.00048828125
0.00048828125
0.00048828125
0.000244140625
0.001220703125
0.00048828125
0.00048828125
0.00048828125
0.000244140625
0.00048828125
0.000732421875
0.000244140625
0.00048828125
0.0009765625
0.000244140625
0.00048828125
0.00048828125
0.000732421875
0.000244140625
0.00048828125
0.00048828125
0.00048828125
0.000244140625
0.001708984375
0.00048828125
0.000244140625
0.00048828125
0.000244140625
0.00048828125
0.00048828125
0.00048828125
0.00048828125
0.00048828125
0.00048828125
0.0009765625
0.00048828125
0.000732421875
0.00048828125
0.00048828125
0.00048828125
0.00048828125
0.00048828125
0.00048828125
0.00048828125
0.000732421875
0.000244140625
0.000732421875
0.00048828125
0.00048828125
0.000732421875
0.00048828125
0.000244140625
0.00048828125
0.00048828125
0.00048828125
0.00048828125
0.000732421875
0.00048828125
0.00048828125
0.00048828125
0.0009765625
0.000244140625
0.00048828125
1645.937744140625
0.001708984375
0.0009765625
0.00048828125
0.000732421875
0.000732421875
0.0009765625
0.00048828125
0.000732421875
0.000732421875
0.00048828125
0.00048828125
0.00048828125
0.00048828125
0.000244140625
0.00048828125
0.0009765625
0.00048828125
0.00048828125
0.00048828125
0.00048828125
0.00048828125
0.000244140625
0.000732421875
0.00048828125
0.0009765625
0.000244140625
0.00048828125
0.0009765625
0.00048828125
0.00048828125
0.00048828125
0.00048828125
0.00048828125
0.000244140625
0.001220703125
0.00048828125
0.00048828125
0.000732421875
0.000244140625
0.000732421875
0.000732421875
0.00048828125
0.00048828125
0.00048828125
0.000732421875
0.001220703125
0.00048828125
0.00048828125
0.000244140625
0.00048828125
0.00048828125
0.00048828125
0.000732421875
0.00048828125
0.00048828125
0.00048828125
0.00048828125
0.000732421875
0.000732421875
0.000244140625
0.00048828125
0.00048828125
0.00048828125
0.00048828125
0.00048828125
0.000732421875
0.00048828125
0.000244140625
0.000244140625
0.00048828125
0.00048828125
0.000732421875
0.000732421875
0.000244140625
0.00048828125
0.00048828125
0.00048828125
0.000244140625
0.00048828125
0.00048828125
0.000732421875
0.000244140625
0.00048828125
0.00048828125
0.00048828125
0.000244140625
0.00048828125
0.000732421875
0.00048828125
3600.819580078125
0.001708984375
0.000244140625
0.00048828125
0.00048828125
0.00048828125
0.00048828125
0.000244140625
0.0009765625
0.000244140625
0.00048828125
0.00048828125
0.000244140625
0.00048828125
0.00048828125
0.000244140625
0.000732421875
0.00048828125
0.00048828125
0.000244140625
0.00048828125
0.000244140625
0.00048828125
0.000244140625
0.00048828125
0.000732421875
0.000244140625
1264.168701171875
0.00244140625
0.000732421875
0.00048828125
0.000732421875
0.000732421875
0.000244140625
0.00048828125
0.0009765625
0.00048828125
0.000732421875
0.00048828125
0.00048828125
0.00048828125
0.000732421875
0.00048828125
0.001220703125
0.00048828125
0.00048828125
0.0009765625
0.000244140625
0.00048828125
0.000732421875
0.00048828125
0.00048828125
0.00146484375
0.00048828125
0.00048828125
0.00048828125
0.00048828125
0.00048828125
0.000244140625
0.00048828125
0.00048828125
0.00048828125
0.001220703125
0.000732421875
0.00048828125
0.000732421875
0.00048828125
0.00048828125
0.000244140625
0.00048828125
0.000732421875
0.000732421875
0.00048828125
0.0009765625
0.00048828125
0.00048828125
0.000244140625
0.000732421875
0.000244140625
0.000732421875
0.00048828125
0.000244140625
0.0009765625
0.00048828125
0.000244140625
0.001708984375
0.0009765625
0.000244140625
0.00048828125
0.00048828125
0.00048828125
0.00048828125
0.00048828125
0.000732421875
0.00048828125
0.000732421875
0.00048828125
0.00048828125
0.000732421875
0.001220703125
0.00048828125
0.00048828125
0.00048828125
0.000732421875
0.000244140625
0.0009765625
0.00048828125
0.00048828125
0.00048828125
0.00048828125
0.000244140625
0.000732421875
0.00048828125
0.00048828125
0.000244140625
0.00146484375
0.000732421875
0.00048828125
0.00048828125
0.00048828125
0.000244140625
0.000732421875
0.0009765625
0.00048828125
0.00048828125
0.000732421875
0.00048828125
0.000244140625
0.000244140625
0.000732421875
0.000244140625
0.00048828125
0.00048828125
0.00048828125
5016.901611328125
0.001708984375
0.00048828125
0.000244140625
0.000732421875
0.00048828125
0.00048828125
0.00048828125
0.00048828125
0.00048828125
0.00048828125
0.000732421875
0.000244140625
0.00048828125
0.00048828125
0.00048828125
0.000732421875
0.00048828125
0.000732421875
0.00048828125
0.00048828125
0.00048828125
0.00048828125
0.000244140625
0.00048828125
0.000732421875
0.00048828125
0.00048828125
0.00048828125
0.00048828125
0.00048828125
0.000732421875
0.00048828125
0.000732421875
0.00048828125
0.0009765625
0.0009765625
0.00048828125
0.00048828125
0.00048828125
0.00048828125
0.000732421875
0.00048828125
0.00048828125
0.000732421875
0.00048828125
0.0009765625
0.0009765625
0.00048828125
0.00048828125
0.00048828125
0.00048828125
0.00048828125
837.957763671875
0.001953125
0.00048828125
0.00048828125
0.00048828125
0.000732421875
0.00048828125
0.00048828125
0.00048828125
0.00048828125
0.00048828125
0.000244140625
0.000732421875
0.00048828125
0.000244140625
0.00048828125
0.000732421875
0.00048828125
0.00048828125
0.000732421875
0.000244140625
0.00048828125
0.000732421875
0.00048828125
0.000244140625
0.001220703125
0.00048828125
0.000732421875
0.00048828125
0.00048828125
0.000244140625
0.00048828125
0.000732421875
0.00048828125
0.00048828125
0.001220703125
0.00048828125
0.000732421875
0.00048828125
0.00048828125
0.00048828125
0.00048828125
0.00048828125
0.00048828125
0.0009765625
0.00048828125
0.000732421875
0.00048828125
0.000244140625
0.000732421875
0.000244140625
0.000732421875
0.000244140625
0.00048828125
0.00048828125
0.00048828125
0.0009765625
0.00048828125
0.000732421875
0.00048828125
0.00048828125
0.00048828125
0.000244140625
0.000732421875
0.00048828125
0.00048828125
0.00048828125
0.00048828125
0.000244140625
0.000244140625
0.000732421875
0.00048828125
0.000732421875
0.000244140625
0.00048828125
0.00048828125
0.00048828125
0.000732421875
0.00048828125
0.00048828125
0.000244140625
0.00048828125
0.00048828125
0.00048828125
0.000244140625
0.000732421875
0.00048828125
0.00048828125
0.000732421875
0.00048828125
0.00048828125
0.000732421875
0.00048828125
0.00048828125
0.000244140625
0.000732421875
0.000244140625
0.00048828125
0.000732421875
0.00048828125
0.00048828125
0.00048828125
0.000244140625
0.00048828125
0.00048828125
0.000732421875
0.00048828125
0.00048828125
0.00048828125
0.000244140625
0.00048828125
0.00048828125
1083.748046875
0.00146484375
0.000244140625
0.00048828125
0.00048828125
0.00048828125
0.00048828125
0.00048828125
0.00048828125
0.00048828125
0.00048828125
0.00048828125
0.00048828125
0.000244140625
0.00048828125
0.000732421875
0.00048828125
0.00048828125
0.00048828125
0.00048828125
0.00048828125
0.000244140625
0.00048828125
0.00048828125
0.000244140625
0.0009765625
0.00048828125
0.00048828125
0.000244140625
0.000732421875
0.00048828125
0.000244140625
0.00048828125
0.00048828125
0.000244140625
0.00146484375
0.00048828125
0.000244140625
0.00048828125
0.00048828125
0.000244140625
0.00048828125
0.00048828125
0.00048828125
0.00048828125
0.000244140625
0.000732421875
0.00048828125
0.00048828125
0.000244140625
0.000732421875
0.00048828125
0.00048828125
0.000244140625
0.00048828125
0.00048828125
0.000244140625
0.00048828125
0.00146484375
0.00048828125
484.393798828125
0.002197265625
0.00048828125
0.00048828125
0.00048828125
0.00048828125
0.00048828125
0.00048828125
0.00048828125
0.000244140625
0.00048828125
0.000732421875
0.000244140625
0.00048828125
0.00048828125
0.000244140625
0.000732421875
0.00048828125
0.000244140625
0.000732421875
0.00048828125
0.000244140625
0.00048828125
0.00048828125
0.00048828125
0.000244140625
0.000244140625
0.000732421875
0.00048828125
0.000244140625
0.00048828125
0.00048828125
0.000244140625
0.00048828125
0.000732421875
0.000732421875
0.00048828125
0.00048828125
0.000244140625
0.00048828125
0.00048828125
0.000244140625
0.000732421875
0.00048828125
0.000732421875
0.00048828125
0.00048828125
0.000244140625
0.000732421875
0.00048828125
0.000244140625
0.00048828125
0.00048828125
0.00048828125
0.000244140625
0.00048828125
0.000732421875
0.000244140625
0.00146484375
0.000244140625
0.00048828125
0.000732421875
0.000244140625
0.00048828125
0.00048828125
0.00048828125
0.000244140625
0.00048828125
0.000244140625
0.000732421875
0.000244140625
0.00048828125
0.00048828125
0.00048828125
0.000244140625
0.00048828125
0.00048828125
0.00048828125
0.00048828125
0.00048828125
0.000244140625
0.00048828125
0.00048828125
0.000244140625
0.00048828125
0.000244140625
0.000732421875
0.00048828125
0.0009765625
0.00048828125
0.0
0.00048828125
0.000732421875
0.00048828125
3223.3720703125
0.00146484375
0.000732421875
0.00048828125
0.00048828125
0.000244140625
0.00048828125
0.00048828125
0.00048828125
0.000732421875
0.00048828125
0.000244140625
0.00048828125
0.000244140625
0.00048828125
0.00048828125
0.001220703125
0.000244140625
0.00048828125
0.00048828125
0.000244140625
0.00048828125
0.00048828125
0.000244140625
0.000732421875
0.00048828125
0.00048828125
0.00048828125
0.000244140625
0.00048828125
0.0
0.00048828125
0.000732421875
0.00048828125
0.000244140625
0.000732421875
0.00048828125
0.00048828125
0.000244140625
0.000732421875
0.000244140625
0.00048828125
0.00048828125
0.000244140625
0.00048828125
0.00048828125
0.000732421875
0.000732421875
0.000244140625
0.00048828125
0.00048828125
0.000244140625
0.000244140625
0.00048828125
0.000244140625
0.000732421875
0.00048828125
0.000244140625
0.001708984375
0.00048828125
0.00048828125
0.00048828125
0.000244140625
0.00048828125
0.00048828125
0.000244140625
0.00048828125
0.00048828125
0.00048828125
0.00048828125
0.00048828125
0.000244140625
0.00048828125
0.00048828125
0.000244140625
0.00048828125
0.00048828125
0.00048828125
0.00048828125
0.000244140625
0.00048828125
0.000244140625
0.00048828125
0.00048828125
0.00048828125
0.00048828125
340.869873046875
0.00146484375
0.00048828125
0.00048828125
0.00048828125
0.000732421875
0.000244140625
0.00048828125
0.00048828125
0.00048828125
0.00048828125
0.000244140625
0.00048828125
0.00048828125
0.00048828125
0.000244140625
0.0009765625
0.000732421875
0.000244140625
0.0009765625
0.000244140625
0.00048828125
0.00048828125
0.00048828125
0.00048828125
0.00048828125
0.000732421875
3753.385009765625
0.001953125
0.00048828125
0.000244140625
0.000732421875
0.00048828125
0.000244140625
0.00048828125
0.00048828125
0.00048828125
0.00048828125
0.000244140625
0.00048828125
0.00048828125
0.000244140625
0.000732421875
0.0009765625
0.00048828125
0.00048828125
0.000244140625
0.00048828125
0.000732421875
0.000244140625
0.00048828125
0.00048828125
0.0009765625
0.000244140625
0.000244140625
0.000732421875
0.00048828125
0.000244140625
0.00048828125
279.0419921875
0.001708984375
0.000244140625
0.000732421875
0.00048828125
0.000244140625
0.00048828125
0.00048828125
0.001220703125
0.000244140625
0.00048828125
0.000244140625
0.00048828125
0.00048828125
0.000244140625
0.000732421875
0.00048828125
0.00048828125
0.00048828125
0.00048828125
0.000244140625
0.00048828125
2003.081298828125
0.001708984375
0.000732421875
0.000244140625
0.001708984375
0.000244140625
0.00048828125
0.000732421875
0.00048828125
0.00048828125
0.00048828125
0.000244140625
0.00048828125
0.000244140625
0.00048828125
0.00048828125
0.00048828125
0.000244140625
0.00048828125
0.00048828125
0.000244140625
0.00048828125
0.000732421875
0.000244140625
0.00048828125
0.000732421875
0.00048828125
0.00048828125
0.000244140625
0.00048828125
0.000732421875
0.000244140625
0.00048828125
0.000244140625
0.00048828125
0.001220703125
0.000732421875
0.00048828125
0.00048828125
0.000244140625
0.00048828125
0.000244140625
0.00048828125
0.000732421875
0.00048828125
0.000244140625
0.000732421875
0.00048828125
0.00048828125
0.00048828125
0.000732421875
0.00048828125
0.00048828125
0.000244140625
0.00048828125
0.00048828125
0.000244140625
0.000244140625
0.001708984375
0.00048828125
0.000244140625
0.00048828125
0.000244140625
0.00048828125
0.000732421875
0.000244140625
0.00048828125
0.00048828125
0.00048828125
0.00048828125
0.00048828125
0.00048828125
0.000732421875
0.00048828125
0.000244140625
0.00048828125
0.00048828125
0.000244140625
0.000732421875
0.000244140625
0.00048828125
0.00048828125
0.000244140625
0.00048828125
0.00048828125
0.00048828125
0.000244140625
0.000732421875
0.001220703125
0.00048828125
0.00048828125
0.00048828125
0.000732421875
0.000244140625
0.00048828125
0.00048828125
0.000244140625
0.000244140625
0.00048828125
0.000244140625
0.000732421875
358.170166015625
0.001708984375
0.000732421875
0.00048828125
0.000244140625
0.00048828125
0.000244140625
0.00048828125
0.00048828125
0.000244140625
0.000732421875
0.00048828125
0.00048828125
0.00048828125
0.000244140625
0.00048828125
0.00048828125
0.000244140625
0.000732421875
0.00048828125
0.000244140625
0.00048828125
0.00048828125
0.000244140625
0.00048828125
0.000732421875
2328.676025390625
0.001953125
0.00048828125
0.00048828125
0.00048828125
0.00048828125
0.00048828125
0.00048828125
0.000732421875
0.00048828125
0.00048828125
0.00048828125
0.00048828125
0.000244140625
0.00048828125
0.000732421875
0.00048828125
0.00048828125
0.00048828125
0.00048828125
0.00048828125
0.000244140625
0.0009765625
0.000244140625
8201.3779296875
0.001953125
0.000244140625
0.00048828125
0.00048828125
0.00048828125
0.00048828125
0.000244140625
0.000732421875
0.000244140625
0.000732421875
0.000244140625
0.00048828125
0.000732421875
0.00048828125
0.000244140625
0.0009765625
0.000244140625
0.00048828125
0.0009765625
0.000244140625
0.00048828125
0.000244140625
0.00048828125
0.00048828125
0.000732421875
0.00048828125
0.00048828125
0.00048828125
0.000244140625
0.00048828125
0.000244140625
0.00048828125
0.00048828125
0.00048828125
0.0009765625
0.00048828125
0.00048828125
0.00048828125
0.000244140625
0.00048828125
0.000732421875
0.000244140625
0.00048828125
0.00048828125
0.00048828125
0.000732421875
0.000244140625
0.000732421875
0.000244140625
0.00048828125
0.00048828125
0.00048828125
0.000244140625
0.000732421875
0.00048828125
0.00048828125
0.00048828125
0.000732421875
0.00048828125
0.00048828125
0.00048828125
0.000732421875
0.00048828125
0.000244140625
0.00048828125
0.00048828125
0.00048828125
0.000244140625
0.000732421875
0.00048828125
0.000244140625
0.0009765625
0.000732421875
0.00048828125
0.00048828125
0.00048828125
0.00048828125
0.00048828125
0.000244140625
0.00048828125
0.00048828125
0.000732421875
0.000244140625
0.00048828125
0.00048828125
0.000732421875
0.00048828125
0.0009765625
0.00048828125
0.00048828125
0.00048828125
0.00048828125
0.000244140625
0.00048828125
0.00048828125
0.000732421875
0.000244140625
0.00048828125
0.00048828125
0.000244140625
0.00048828125
0.00048828125
0.000244140625
0.000732421875
0.00048828125
0.00048828125
0.00048828125
0.000244140625
0.000244140625
0.00048828125
0.000732421875
0.000244140625
0.00048828125
0.00048828125
0.00048828125
0.000244140625
0.00048828125
0.000244140625
0.000732421875
0.00048828125
0.000244140625
0.00048828125
0.00048828125
0.00048828125
0.000244140625
0.00048828125
0.000732421875
0.00048828125
0.000244140625
0.00048828125
0.00048828125
0.0
0.00048828125
0.00048828125
0.00048828125
0.00048828125
0.00048828125
0.000244140625
0.00048828125
0.00048828125
0.000244140625
0.00048828125
0.000732421875
0.000244140625
0.00048828125
0.00048828125
0.00048828125
0.000244140625
0.00048828125
0.0009765625
0.00048828125
0.000244140625
0.00048828125
0.00048828125
0.000244140625
0.000244140625
0.00048828125
0.000732421875
0.000244140625
0.00048828125
0.00048828125
0.000244140625
0.00048828125
0.00048828125
0.00048828125
0.000244140625
0.000732421875
0.00048828125
0.00048828125
0.00048828125
0.00048828125
0.000244140625
0.00048828125
0.000732421875
0.000244140625
0.00048828125
0.00048828125
0.0
0.00048828125
0.00048828125
0.000244140625
0.000732421875
0.00048828125
0.000244140625
0.00048828125
0.00048828125
0.000244140625
0.00048828125
0.00048828125
0.00048828125
0.000732421875
0.00048828125
0.00048828125
0.000244140625
0.00048828125
0.00048828125
0.000244140625
0.000732421875
0.00048828125
0.000244140625
0.000244140625
0.00048828125
0.00048828125
0.00048828125
0.00048828125
0.00048828125
0.00048828125
0.00048828125
0.00048828125
0.00048828125
0.000244140625
0.00048828125
0.00048828125
0.00048828125
0.00048828125
0.00048828125
0.000244140625
0.00048828125
0.00048828125
0.000732421875
0.00048828125
0.000244140625
0.000244140625
0.00048828125
0.000244140625
0.00048828125
0.00048828125
0.000244140625
0.000732421875
0.00048828125
0.000244140625
0.00048828125
0.00048828125
0.00048828125
0.00048828125
0.000244140625
0.000732421875
0.00048828125
0.000244140625
0.00048828125
0.00537109375
0.000244140625
0.00048828125
0.00048828125
0.000244140625
0.00048828125
0.00048828125
9871.801513671875
0.001953125
0.00048828125
0.00048828125
0.00048828125
0.00048828125
0.00048828125
0.00048828125
0.000732421875
0.00048828125
0.00048828125
0.00048828125
0.000244140625
0.00048828125
0.000732421875
0.000244140625
0.000732421875
0.00048828125
0.00048828125
0.000244140625
0.00048828125
0.000732421875
0.00048828125
0.00048828125
0.00048828125
0.0009765625
0.000732421875
0.00048828125
0.00048828125
0.00048828125
0.00048828125
0.00048828125
0.00048828125
0.000732421875
0.00048828125
0.000732421875
0.00048828125
0.00048828125
0.00048828125
0.000732421875
0.00048828125
0.00048828125
0.00048828125
0.000732421875
0.000732421875
0.000732421875
0.0009765625
0.00048828125
0.00048828125
0.00048828125
0.00048828125
0.000732421875
0.00048828125
0.00048828125
0.000244140625
0.00048828125
0.00048828125
0.000732421875
0.001708984375
0.00048828125
0.00048828125
0.00048828125
0.00048828125
0.00048828125
0.00048828125
0.00048828125
0.000244140625
0.00048828125
0.00048828125
0.000732421875
0.000244140625
0.00048828125
0.0009765625
0.000244140625
0.00048828125
0.00048828125
0.000732421875
0.00048828125
0.000244140625
0.00048828125
0.00048828125
0.000244140625
0.00048828125
0.000732421875
0.00048828125
0.00048828125
0.00048828125
0.00048828125
0.0009765625
0.000732421875
0.000244140625
0.00048828125
0.00048828125
0.000244140625
0.00048828125
0.00048828125
0.00048828125
0.00048828125
0.00048828125
0.00048828125
0.00048828125
0.00048828125
0.00048828125
0.000244140625
0.000732421875
0.00048828125
0.00048828125
0.00048828125
0.00048828125
0.00048828125
0.00048828125
0.00048828125
0.00048828125
0.00048828125
0.00048828125
0.00048828125
0.00048828125
0.00048828125
0.000732421875
0.00048828125
0.000244140625
0.00048828125
0.00048828125
0.00048828125
0.00048828125
0.000732421875
0.00048828125
0.00048828125
0.000244140625
0.00048828125
0.00048828125
0.00048828125
0.00048828125
0.000244140625
0.000732421875
0.00048828125
0.00048828125
0.000244140625
0.00048828125
0.00048828125
0.00048828125
0.00048828125
0.00048828125
0.000244140625
0.00048828125
0.00048828125
0.000244140625
0.00048828125
0.000732421875
0.000244140625
0.00048828125
0.00048828125
0.000244140625
0.00048828125
0.00048828125
0.0
0.000732421875
0.000732421875
0.00048828125
0.00048828125
0.000244140625
0.00048828125
0.000244140625
0.00048828125
0.000732421875
0.000244140625
0.00048828125
0.00048828125
0.000244140625
0.00048828125
0.00048828125
0.000244140625
0.000732421875
0.00048828125
0.00048828125
0.000244140625
0.00048828125
0.00048828125
0.0
0.00048828125
0.000732421875
0.00048828125
0.00048828125
0.00048828125
0.00048828125
0.00048828125
0.000244140625
0.000732421875
0.00048828125
0.00048828125
0.000244140625
0.00048828125
0.00048828125
0.00048828125
0.000244140625
0.000732421875
0.00048828125
0.00048828125
0.00048828125
0.000244140625
0.000732421875
0.000732421875
0.000244140625
0.00048828125
0.00048828125
0.000244140625
0.00048828125
0.000244140625
0.00048828125
0.000732421875
0.00048828125
0.000244140625
0.00048828125
0.00048828125
0.00048828125
0.000244140625
0.00048828125
0.000732421875
0.000244140625
0.00048828125
0.00048828125
0.000244140625
0.00048828125
0.000244140625
0.000244140625
0.000732421875
0.00048828125
0.00048828125
0.000244140625
0.00048828125
0.00048828125
0.00048828125
0.00048828125
0.000732421875
0.000244140625
0.00048828125
0.00048828125
0.00048828125
0.00048828125
0.00048828125
0.000732421875
0.00048828125
0.000244140625
0.00048828125
0.000244140625
0.000244140625
0.00048828125
0.00048828125
0.000732421875
0.00048828125
0.00048828125
0.000244140625
0.00048828125
0.00048828125
0.00048828125
0.00048828125
0.00048828125
0.00048828125
0.00048828125
0.0009765625
0.00048828125
0.000244140625
0.000732421875
0.00048828125
0.00048828125
0.000244140625
0.000244140625
0.00048828125
0.00048828125
0.001220703125
0.000732421875
0.000244140625
0.0009765625
0.00048828125
0.000732421875
0.000244140625
0.00048828125
0.00048828125
0.000244140625
0.00048828125
0.00048828125
0.00048828125
0.000732421875
0.00048828125
0.000244140625
0.00048828125
0.000244140625
0.00048828125
0.0009765625
0.00048828125
0.00048828125
0.00048828125
0.000244140625
0.00048828125
0.00048828125
0.000244140625
0.000732421875
0.00048828125
0.00048828125
0.00048828125
0.000244140625
0.00048828125
0.00048828125
0.0009765625
0.00048828125
0.000244140625
0.000244140625
0.00048828125
0.00048828125
0.000732421875
0.000732421875
0.000244140625
0.00048828125
0.00048828125
0.000244140625
0.00048828125
0.00048828125
0.000732421875
0.000244140625
0.00048828125
0.00048828125
0.00048828125
0.000244140625
0.00048828125
0.00048828125
0.000732421875
0.00048828125
0.000244140625
0.000244140625
0.00048828125
0.00048828125
0.00048828125
0.000244140625
0.000732421875
0.00048828125
0.00048828125
0.00048828125
0.000244140625
0.00048828125
0.00048828125
0.000732421875
0.000244140625
0.00048828125
0.00048828125
0.000732421875
0.00048828125
0.000244140625
0.00048828125
0.000732421875
0.000244140625
0.00048828125
0.000244140625
347.570556640625
0.001220703125
0.000732421875
0.00048828125
0.00048828125
0.00048828125
0.0
0.00048828125
0.00048828125
0.000732421875
0.00048828125
0.000732421875
783.923095703125
0.001953125
0.00048828125
0.00048828125
0.000732421875
0.00048828125
0.00048828125
0.0009765625
0.00048828125
0.000732421875
0.00048828125
0.00048828125
0.00048828125
0.000732421875
0.000244140625
0.000244140625
0.0009765625
0.00048828125
0.00048828125
3371.63671875
0.00146484375
0.00048828125
0.000732421875
0.00048828125
0.000244140625
0.00048828125
0.00048828125
0.000244140625
0.000244140625
0.00048828125
0.000732421875
0.000244140625
0.00048828125
0.00048828125
0.000244140625
0.000732421875
0.00048828125
0.000244140625
0.000732421875
0.000732421875
0.000244140625
0.00048828125
0.00048828125
0.000244140625
0.000732421875
0.00048828125
0.00048828125
0.00048828125
0.000244140625
0.000244140625
0.00048828125
0.00048828125
0.000244140625
0.000732421875
0.00048828125
0.00048828125
0.00048828125
0.000244140625
0.00048828125
0.00048828125
0.000732421875
0.00048828125
0.00048828125
0.00048828125
0.00048828125
0.000732421875
0.000732421875
0.000244140625
0.00048828125
0.00048828125
0.000244140625
0.00048828125
0.00048828125
0.00048828125
0.00048828125
0.00048828125
0.00048828125
0.00048828125
0.00048828125
0.00048828125
0.000244140625
0.000732421875
0.00048828125
0.000244140625
0.00048828125
0.00048828125
0.00048828125
0.000732421875
0.000732421875
0.00048828125
0.00048828125
0.00048828125
0.000244140625
0.00048828125
0.00048828125
0.000732421875
0.000244140625
0.00048828125
0.00048828125
0.00048828125
0.00048828125
0.000244140625
4302.169677734375
0.001708984375
0.00048828125
0.000244140625
0.00048828125
0.000732421875
0.00048828125
0.000244140625
0.000732421875
4815.244140625
0.001708984375
0.00048828125
0.00048828125
0.00048828125
0.00048828125
0.000732421875
0.000244140625
0.00048828125
0.00048828125
0.000244140625
0.00048828125
0.00048828125
0.00048828125
0.000244140625
0.00048828125
0.000732421875
0.00048828125
0.00048828125
0.00048828125
0.000244140625
0.000732421875
0.00048828125
0.000244140625
0.00048828125
0.00048828125
0.00048828125
0.000244140625
0.000732421875
0.00048828125
0.00048828125
0.000244140625
0.00048828125
0.00048828125
0.00048828125
0.00048828125
0.000244140625
0.00048828125
0.00048828125
0.000244140625
0.00048828125
0.00048828125
0.000244140625
0.000732421875
0.000244140625
0.000732421875
0.00048828125
0.00048828125
0.00048828125
0.00048828125
0.000244140625
0.00048828125
0.000732421875
0.000244140625
0.00048828125
0.00048828125
0.000244140625
0.00048828125
0.000732421875
0.000732421875
0.00048828125
0.00048828125
0.000244140625
0.00048828125
0.00048828125
0.00048828125
0.000244140625
0.000732421875
0.00048828125
0.000244140625
0.00048828125
0.00048828125
0.000732421875
0.000732421875
0.000244140625
0.00048828125
0.00048828125
0.000244140625
0.00048828125
0.00048828125
0.000244140625
0.000732421875
0.000244140625
0.00048828125
0.00048828125
0.00048828125
0.000244140625
0.000732421875
0.001220703125
0.00048828125
0.00048828125
0.000244140625
0.00048828125
0.00048828125
0.00048828125
0.000732421875
0.000244140625
0.00048828125
0.00048828125
0.00048828125
0.00048828125
0.0
0.00048828125
0.0009765625
0.00048828125
0.00048828125
0.000732421875
0.00048828125
0.000244140625
0.000732421875
0.00048828125
0.00048828125
0.000244140625
0.00048828125
0.000244140625
0.00048828125
0.00048828125
0.000732421875
0.00048828125
0.000244140625
0.00048828125
0.00048828125
0.000244140625
0.000244140625
0.000732421875
0.000244140625
0.00048828125
0.00048828125
0.00048828125
0.000732421875
0.00048828125
0.000244140625
0.000732421875
0.000244140625
0.00048828125
0.00048828125
0.000732421875
0.000244140625
0.001220703125
0.00048828125
0.00048828125
0.00048828125
0.000244140625
0.000244140625
0.00048828125
0.000244140625
0.000732421875
0.00048828125
0.00048828125
0.000244140625
0.00048828125
0.00048828125
0.000244140625
0.00048828125
0.000732421875
0.000244140625
0.00048828125
0.00048828125
3251.44384765625
0.002197265625
0.000244140625
0.00048828125
0.00048828125
0.000732421875
445.804443359375
0.001708984375
0.00048828125
0.00048828125
0.000732421875
0.000732421875
0.00048828125
0.00048828125
0.0009765625
0.00048828125
0.00048828125
0.00048828125
0.00048828125
0.00048828125
0.00048828125
0.00048828125
0.0009765625
0.000732421875
0.00048828125
0.000732421875
0.000244140625
0.00048828125
0.00048828125
0.00048828125
0.000732421875
0.000732421875
0.00048828125
0.000244140625
0.00048828125
0.00048828125
0.000732421875
0.00048828125
0.00048828125
0.000244140625
0.00048828125
0.0009765625
0.000732421875
0.000244140625
0.00048828125
0.00048828125
0.000244140625
0.00048828125
0.00048828125
0.00048828125
0.000244140625
0.000732421875
0.000732421875
0.000732421875
0.000244140625
0.00048828125
0.000732421875
0.00048828125
0.00048828125
0.00048828125
0.000244140625
0.00048828125
0.000732421875
0.000732421875
0.0009765625
0.00048828125
0.00048828125
0.00048828125
0.00048828125
0.0009765625
0.00048828125
0.00048828125
0.000244140625
0.00048828125
0.00048828125
0.000732421875
0.00048828125
0.00048828125
0.0009765625
0.000244140625
0.000732421875
0.000732421875
0.000244140625
0.00048828125
0.00048828125
0.00048828125
0.00048828125
0.00048828125
0.000244140625
0.000732421875
0.00048828125
0.00048828125
0.000244140625
0.00048828125
0.00048828125
0.00048828125
0.000732421875
0.000244140625
0.00048828125
0.00048828125
0.00048828125
0.00048828125
0.00048828125
0.000732421875
0.00048828125
0.00048828125
0.000732421875
0.00048828125
0.00048828125
0.0009765625
0.00048828125
0.00048828125
0.000244140625
0.00048828125
0.000732421875
0.000732421875
0.00048828125
0.000244140625
0.00048828125
0.00048828125
0.00048828125
0.00048828125
0.000732421875
0.00048828125
0.00048828125
0.000732421875
0.000244140625
0.00048828125
0.0009765625
0.00048828125
0.00048828125
0.00048828125
0.000732421875
0.00048828125
0.000732421875
0.00048828125
0.00048828125
0.00048828125
0.000732421875
0.00048828125
0.000732421875
0.00048828125
0.00048828125
0.00048828125
0.000732421875
0.000244140625
0.000732421875
0.000732421875
0.00048828125
0.000244140625
0.00048828125
0.00048828125
0.00048828125
0.0009765625
0.00048828125
0.000732421875
0.00048828125
0.00048828125
0.00048828125
0.000732421875
0.00048828125
0.00048828125
0.00048828125
0.00048828125
0.00048828125
0.00048828125
0.000244140625
0.000732421875
0.000244140625
0.00048828125
0.00048828125
0.000732421875
0.000244140625
0.000732421875
0.00048828125
0.00048828125
0.00048828125
0.00048828125
0.00048828125
0.000732421875
0.000732421875
0.000244140625
0.00048828125
0.00048828125
0.00048828125
0.000244140625
0.00048828125
0.000732421875
0.000244140625
0.00048828125
0.00048828125
0.00048828125
0.00048828125
0.000244140625
0.00048828125
0.000732421875
0.00048828125
0.000732421875
0.000244140625
0.00048828125
0.00048828125
0.00048828125
0.000732421875
0.00048828125
0.00048828125
0.000732421875
0.00048828125
0.00048828125
0.00048828125
0.00048828125
0.00048828125
0.00048828125
0.00048828125
0.000244140625
0.00048828125
0.000732421875
0.00048828125
0.000244140625
0.00048828125
0.00048828125
0.000244140625
0.00048828125
0.00048828125
0.00048828125
0.00048828125
0.000732421875
0.000244140625
0.00048828125
0.00048828125
0.00048828125
0.00048828125
0.00048828125
0.00048828125
0.00048828125
0.000732421875
