BALANCES c:315.0  f:88.0  x:17.0  k:2.0  a:430.0  d:505.0  r:404.0  v:89.0  m:390.0  s:498.0  p:58.0  h:121.0  q:33.0  g:31.0  y:364.0  l:283.0  i:404.0  b:316.0  z:44.0  w:144.0  o:403.0  u:600.0  t:326.0  n:510.0  j:420.0  e:92.0 

BANDWIDTH: 
0
1196
0
19503
1041
27055
791
212
0
29226
7535
212
0
212
39806
34993
33639
21710
0
0
0
122822
102907
0
0
0
35490
137685
0
0
0
238353
43479
0
138629
154146
35005
29513
10759
0
0
0
0
328461
24505
4426
79897
19964
16880
29301
0
0
0
0
0
68701
197209
37340
55399
5588
17868
0
53378
134831
90171
23868
30176
114365
48065
386
0
0
0
0
128579
189970
0
101170
84118
23819
0
22733
44762
0
0
117125
124956
18895
19357
61708
13992
22703
80283
13665
33034
44174
46570
35716
49493
88055
58840
10194
6053
64234
64354
53489
34551
48410
29386
27608
14656
0
0
0
319255


DELAY: 
0.001953125
0.00048828125
0.00048828125
0.00048828125
0.000732421875
0.00048828125
0.00048828125
0.000732421875
0.00048828125
0.00048828125
0.00048828125
0.000732421875
0.00048828125
0.00048828125
0.000244140625
0.0009765625
0.0009765625
0.00048828125
0.00048828125
0.00048828125
0.000244140625
0.00048828125
0.000244140625
0.00048828125
0.0009765625
0.00048828125
0.00048828125
0.00048828125
0.00048828125
0.000244140625
0.00048828125
0.000732421875
0.000244140625
0.00048828125
0.000732421875
0.00048828125
0.00048828125
0.000732421875
0.00048828125
0.000244140625
0.00048828125
0.000244140625
0.00048828125
0.00048828125
0.00048828125
0.001220703125
0.00048828125
0.00048828125
0.00048828125
0.000244140625
0.00048828125
0.000732421875
0.00048828125
0.000244140625
0.00048828125
0.00048828125
0.00048828125
0.001220703125
0.00048828125
0.00048828125
0.00048828125
0.000244140625
0.00048828125
0.00048828125
0.000732421875
0.000244140625
0.00048828125
0.00048828125
0.000244140625
0.00048828125
0.00048828125
0.001708984375
0.000732421875
0.000244140625
0.00048828125
0.000732421875
0.00048828125
0.00048828125
0.000244140625
0.00048828125
0.000244140625
0.00048828125
4278.744873046875
0.001953125
0.00048828125
0.000732421875
0.000732421875
0.00048828125
0.001220703125
0.000732421875
0.000732421875
0.00048828125
0.00048828125
0.00048828125
0.00048828125
0.00048828125
0.000732421875
0.00048828125
0.000732421875
0.000244140625
0.00048828125
0.001220703125
0.00048828125
0.00048828125
0.00048828125
0.00048828125
0.000732421875
0.001220703125
0.00048828125
0.00048828125
0.00048828125
0.000244140625
0.00048828125
0.00048828125
0.000732421875
0.000732421875
0.000244140625
0.001220703125
0.000732421875
0.00048828125
0.00048828125
0.000244140625
0.00048828125
0.00048828125
0.00048828125
0.00048828125
0.000732421875
0.00048828125
0.0009765625
0.00048828125
0.000244140625
0.0009765625
0.000244140625
0.000732421875
0.000732421875
0.00048828125
0.000732421875
0.0009765625
0.0009765625
0.000732421875
0.002685546875
0.000732421875
0.000732421875
0.0009765625
14570.685791015625
0.001220703125
0.00048828125
0.000732421875
0.00146484375
0.00048828125
0.000244140625
0.000732421875
0.00048828125
0.00048828125
0.000244140625
0.00048828125
0.00048828125
0.000244140625
0.00048828125
0.000732421875
0.00048828125
0.000244140625
0.00048828125
0.00048828125
0.000244140625
0.00048828125
0.000244140625
0.000732421875
0.00048828125
0.00048828125
0.00048828125
0.000244140625
0.000244140625
0.000732421875
0.000244140625
0.000732421875
0.00048828125
0.000244140625
0.00048828125
0.000732421875
0.00048828125
0.000244140625
0.000732421875
0.00048828125
0.000244140625
0.00048828125
0.00048828125
0.000244140625
0.00048828125
0.00048828125
0.0009765625
0.00048828125
0.000244140625
0.000244140625
0.00048828125
0.000244140625
0.00048828125
0.000244140625
0.000732421875
0.00048828125
0.000244140625
0.00048828125
0.0009765625
0.00048828125
0.00048828125
0.00048828125
0.00048828125
0.000244140625
0.00048828125
0.00048828125
0.000244140625
0.00048828125
0.000732421875
0.000244140625
0.00048828125
0.000244140625
0.00048828125
0.00048828125
0.000244140625
0.00048828125
0.000732421875
0.00048828125
0.000244140625
0.00048828125
0.00048828125
0.00048828125
0.000244140625
0.00048828125
0.000732421875
0.000244140625
0.00048828125
0.00048828125
0.000244140625
0.001220703125
0.00048828125
0.00048828125
0.000244140625
0.000244140625
0.00048828125
0.00048828125
0.000244140625
0.00048828125
0.000732421875
0.00048828125
0.00048828125
0.000244140625
0.00048828125
0.00048828125
0.000244140625
0.00048828125
0.000732421875
0.00048828125
0.00048828125
0.000244140625
0.00048828125
0.00048828125
0.000244140625
0.00048828125
0.000732421875
0.000244140625
0.000244140625
0.00048828125
0.00048828125
0.000244140625
0.00048828125
0.00048828125
0.00048828125
0.00048828125
0.00048828125
0.00048828125
0.000732421875
0.000244140625
0.00048828125
0.000732421875
0.000244140625
0.00048828125
0.00048828125
0.000244140625
0.00048828125
0.00048828125
0.000244140625
0.000732421875
0.000244140625
0.000244140625
0.00048828125
0.00048828125
0.000244140625
0.00048828125
0.00048828125
0.00048828125
0.00048828125
0.00048828125
0.00048828125
0.000244140625
0.00048828125
0.00048828125
0.000244140625
0.000732421875
0.00048828125
0.000244140625
0.00048828125
0.00048828125
0.000244140625
0.00048828125
0.00048828125
0.00048828125
0.000244140625
0.00048828125
0.000244140625
0.00048828125
0.00048828125
0.00048828125
0.000244140625
0.000732421875
0.00048828125
0.000244140625
0.00048828125
0.00048828125
0.00048828125
0.000244140625
0.00048828125
0.00048828125
0.00048828125
0.00048828125
0.000244140625
0.00048828125
0.00048828125
0.000244140625
0.00048828125
0.00048828125
0.000244140625
0.00048828125
0.00048828125
0.000244140625
0.00048828125
0.00048828125
0.000244140625
0.00048828125
0.000732421875
0.00048828125
0.000244140625
0.00048828125
0.00048828125
0.000244140625
0.000732421875
0.000732421875
0.00048828125
0.00048828125
0.000244140625
0.00048828125
0.00048828125
0.000244140625
0.000244140625
0.000732421875
0.00048828125
0.00048828125
0.017578125
0.00048828125
0.00048828125
0.000244140625
0.000244140625
0.000732421875
0.000244140625
0.00048828125
0.00048828125
0.000244140625
0.00048828125
0.00048828125
0.000244140625
0.000732421875
0.00048828125
0.000244140625
0.00048828125
0.00048828125
0.000244140625
0.00048828125
0.00048828125
0.0009765625
0.00048828125
0.00048828125
0.000244140625
0.00048828125
0.000244140625
0.000244140625
0.000732421875
0.00048828125
0.000244140625
0.00048828125
0.00048828125
0.000244140625
0.00048828125
0.00048828125
0.000732421875
0.000244140625
0.00048828125
0.00048828125
0.000244140625
0.00048828125
0.00048828125
0.000244140625
0.000732421875
0.00048828125
0.00048828125
0.00048828125
0.00048828125
0.00048828125
0.000732421875
0.00048828125
0.000244140625
0.00048828125
0.00048828125
0.00048828125
0.000244140625
0.000732421875
0.000732421875
0.000244140625
0.00048828125
0.00048828125
0.00048828125
0.00048828125
0.000244140625
0.00048828125
0.000732421875
0.00048828125
0.00048828125
0.000244140625
0.000244140625
0.00048828125
0.00048828125
0.00048828125
0.00048828125
0.00048828125
0.00048828125
0.000244140625
0.00048828125
0.00048828125
0.00048828125
0.00048828125
0.00048828125
0.00048828125
0.00048828125
0.00048828125
0.000244140625
0.00048828125
0.000732421875
0.00048828125
0.000244140625
0.00048828125
0.000244140625
0.00048828125
0.000244140625
0.00048828125
0.000732421875
0.00048828125
0.00048828125
0.00048828125
0.00048828125
0.000244140625
0.00048828125
0.000732421875
0.00048828125
9227.48193359375
0.002685546875
0.00048828125
0.00048828125
0.00048828125
0.00048828125
0.000244140625
0.00048828125
0.00048828125
0.000732421875
0.00048828125
0.00048828125
0.000244140625
0.00048828125
0.00048828125
0.000244140625
0.0009765625
0.00048828125
0.000244140625
0.000244140625
0.00048828125
0.000244140625
0.00048828125
0.00048828125
0.00048828125
0.000732421875
0.00048828125
0.000244140625
0.00048828125
0.000244140625
0.00048828125
0.000732421875
0.000244140625
0.00048828125
0.00048828125
0.00048828125
0.00048828125
0.00048828125
0.000244140625
0.000732421875
0.000244140625
0.00048828125
0.000244140625
0.000244140625
0.00048828125
0.000244140625
0.0009765625
0.00048828125
0.00048828125
0.00048828125
0.000244140625
0.00048828125
0.00048828125
0.000244140625
0.00048828125
0.00048828125
0.00048828125
0.00048828125
0.000732421875
0.000244140625
0.00048828125
0.000244140625
0.00048828125
0.000732421875
0.0
0.00048828125
0.00048828125
0.00048828125
0.000244140625
0.00048828125
0.000732421875
0.000244140625
0.00048828125
0.00048828125
0.00048828125
0.00048828125
0.000244140625
0.00048828125
0.000244140625
0.000732421875
0.00048828125
0.000244140625
0.00048828125
0.00048828125
0.000244140625
0.00048828125
0.000244140625
0.000732421875
0.00048828125
0.00048828125
0.00048828125
0.000244140625
0.00048828125
0.000244140625
0.000732421875
0.00048828125
0.000244140625
0.00048828125
0.000244140625
0.00048828125
0.00048828125
0.00048828125
0.00048828125
0.00048828125
0.000244140625
0.00048828125
0.00048828125
0.00048828125
0.00048828125
0.000244140625
0.00048828125
0.00048828125
0.000244140625
0.00048828125
0.00048828125
0.000244140625
0.00048828125
0.00048828125
0.000244140625
0.000732421875
0.00048828125
0.000244140625
0.00048828125
0.00048828125
0.000244140625
0.00048828125
0.000732421875
0.000244140625
0.00048828125
0.00048828125
0.000244140625
0.00048828125
0.00048828125
0.000244140625
0.00048828125
0.00048828125
0.000244140625
0.00048828125
0.00048828125
0.000244140625
0.00048828125
0.00048828125
0.000244140625
0.000732421875
0.00048828125
0.00048828125
0.000244140625
0.00048828125
0.00048828125
0.00048828125
0.000244140625
0.000732421875
0.00048828125
0.000244140625
0.00048828125
0.00048828125
0.000244140625
0.00048828125
0.00048828125
0.000244140625
0.00048828125
0.000244140625
0.00048828125
0.00048828125
0.000244140625
0.00048828125
0.00048828125
0.000732421875
0.000244140625
0.00048828125
0.000244140625
0.00048828125
0.00048828125
0.00048828125
0.00048828125
0.00048828125
0.00048828125
0.00048828125
0.000244140625
0.00048828125
0.000244140625
0.00048828125
0.000244140625
0.000732421875
0.000244140625
0.00048828125
0.000244140625
0.00048828125
0.00048828125
0.000244140625
0.00048828125
0.000244140625
0.000732421875
0.00048828125
0.000244140625
0.00048828125
0.00048828125
0.000244140625
0.00048828125
0.000732421875
0.000244140625
0.00048828125
0.00048828125
0.000244140625
0.00048828125
0.00048828125
0.0
0.00048828125
0.000732421875
0.000244140625
0.00048828125
0.00048828125
0.000244140625
0.00048828125
0.000244140625
0.00048828125
0.000732421875
0.000244140625
0.00048828125
0.00048828125
0.000244140625
0.00048828125
0.00048828125
0.000244140625
0.000732421875
0.00048828125
0.000244140625
0.00048828125
0.00048828125
0.000244140625
0.000244140625
0.00048828125
0.00048828125
0.00048828125
0.00048828125
0.000244140625
0.00048828125
0.00048828125
0.00048828125
0.000244140625
0.000732421875
0.00048828125
0.000244140625
0.00048828125
0.00048828125
0.000244140625
0.00048828125
0.00048828125
0.000244140625
0.000732421875
0.00048828125
0.000244140625
0.00048828125
0.000244140625
0.000244140625
0.00048828125
0.000244140625
0.000732421875
0.00048828125
0.00048828125
0.00048828125
0.00048828125
0.000244140625
0.00048828125
0.000732421875
0.00048828125
0.000244140625
0.00048828125
0.00048828125
0.00048828125
0.00048828125
0.000244140625
0.000732421875
0.00048828125
0.000244140625
0.00048828125
0.000244140625
0.000244140625
0.00048828125
0.00048828125
0.000732421875
0.000244140625
0.00048828125
0.00048828125
0.00048828125
0.000244140625
0.00048828125
0.000732421875
0.000244140625
0.00048828125
0.00048828125
0.000244140625
0.00048828125
0.00048828125
0.000244140625
0.00048828125
0.000732421875
0.00048828125
0.00048828125
0.000244140625
0.000244140625
0.00048828125
0.00048828125
0.00048828125
0.00048828125
0.00048828125
0.00048828125
0.000244140625
0.00048828125
0.00048828125
0.00048828125
0.000732421875
0.000244140625
0.00048828125
0.00048828125
0.000244140625
0.00048828125
0.00048828125
0.00048828125
0.000732421875
0.000732421875
0.00048828125
0.000732421875
0.0009765625
0.000732421875
0.000732421875
0.000732421875
0.00048828125
0.001220703125
0.000732421875
0.00048828125
0.000732421875
0.000732421875
0.0009765625
0.00048828125
0.00048828125
0.000732421875
0.000732421875
0.000732421875
0.0009765625
0.000732421875
0.00048828125
0.0009765625
0.00048828125
0.00048828125
0.00048828125
0.00048828125
0.000732421875
0.0009765625
0.000732421875
0.00048828125
0.000732421875
0.000732421875
0.000732421875
0.0009765625
0.000732421875
0.000732421875
0.0009765625
0.00048828125
0.000732421875
0.000732421875
0.000732421875
0.0009765625
0.00048828125
0.000732421875
0.00048828125
0.000732421875
0.0009765625
0.000732421875
0.000732421875
0.000732421875
0.000732421875
0.000732421875
0.000732421875
0.000732421875
0.000732421875
0.0009765625
0.00048828125
0.000732421875
0.000732421875
0.000732421875
0.0009765625
0.00048828125
0.0009765625
0.000244140625
0.00048828125
0.00048828125
0.000732421875
0.000244140625
0.00048828125
0.00048828125
0.00048828125
0.00048828125
0.00048828125
0.000732421875
0.0
0.00048828125
0.00048828125
0.00048828125
0.00048828125
0.00048828125
0.000244140625
0.000732421875
0.00048828125
0.00048828125
0.00048828125
0.00048828125
0.00048828125
0.00048828125
0.00048828125
0.00048828125
0.00048828125
0.000244140625
0.000732421875
0.00048828125
0.00048828125
0.00048828125
0.000244140625
0.00048828125
0.00048828125
0.00048828125
0.000244140625
0.00048828125
0.00048828125
0.000732421875
0.000244140625
0.00048828125
0.00048828125
0.00048828125
0.00048828125
0.000244140625
0.00048828125
0.000732421875
0.000244140625
0.00048828125
0.00048828125
0.00048828125
0.000244140625
0.00048828125
0.00048828125
0.00048828125
0.000244140625
0.00048828125
1819.643798828125
0.001953125
0.00048828125
0.00048828125
0.0009765625
0.00048828125
0.000732421875
0.000244140625
0.0009765625
0.0009765625
0.00048828125
0.00048828125
0.00048828125
0.00048828125
0.00048828125
0.000732421875
0.0009765625
0.00048828125
0.000244140625
0.00048828125
0.000732421875
0.000732421875
0.00048828125
0.000732421875
0.00048828125
0.000244140625
0.000732421875
0.000732421875
0.000732421875
0.000732421875
0.00048828125
0.00048828125
0.00048828125
0.000732421875
0.00048828125
0.001220703125
0.000244140625
0.00048828125
0.000732421875
0.00048828125
0.00048828125
0.00048828125
0.00048828125
0.000244140625
0.00048828125
0.000732421875
0.0009765625
0.00048828125
0.00048828125
0.00048828125
0.00048828125
0.000732421875
0.00048828125
0.000244140625
0.00048828125
0.00048828125
0.00048828125
0.00048828125
0.001953125
0.00048828125
0.0
0.00048828125
0.00048828125
0.000732421875
0.00048828125
0.00048828125
0.000244140625
0.00048828125
0.00048828125
0.00048828125
0.000244140625
0.000732421875
0.00146484375
0.00048828125
0.00048828125
0.000244140625
0.000732421875
0.000244140625
0.00048828125
0.00048828125
0.00048828125
0.000244140625
0.00048828125
0.000732421875
0.000244140625
0.00048828125
6727.4580078125
0.001708984375
0.000732421875
0.00048828125
0.00048828125
0.000244140625
0.00048828125
0.00048828125
0.00048828125
0.000244140625
0.000732421875
0.00048828125
0.000244140625
0.00048828125
0.000244140625
0.000244140625
0.00048828125
0.000732421875
0.00048828125
0.00048828125
0.000244140625
0.00048828125
0.000244140625
0.00048828125
0.00048828125
0.000732421875
0.00048828125
0.000244140625
0.00048828125
0.000244140625
0.00048828125
0.00048828125
0.000244140625
0.000732421875
0.000732421875
0.00048828125
0.000244140625
0.00048828125
0.000244140625
0.00048828125
0.000244140625
0.000732421875
0.00048828125
0.000244140625
0.00048828125
0.00048828125
0.00048828125
0.000244140625
0.000732421875
0.00048828125
0.00048828125
0.000244140625
0.00048828125
0.000244140625
0.00048828125
0.00048828125
0.000244140625
0.000732421875
0.000732421875
0.0
0.00048828125
0.00048828125
0.000244140625
0.00048828125
0.000732421875
0.000244140625
0.00048828125
0.00048828125
0.000244140625
0.00048828125
0.00048828125
0.000244140625
0.0009765625
0.00048828125
0.000244140625
0.00048828125
0.00048828125
0.000244140625
0.00048828125
0.00048828125
0.00048828125
0.00048828125
0.000244140625
0.000244140625
0.00048828125
0.000244140625
0.00048828125
0.00048828125
0.000732421875
0.000244140625
0.00048828125
0.000244140625
0.00048828125
0.00048828125
0.000244140625
0.00048828125
0.000732421875
0.000244140625
0.00048828125
0.000244140625
0.00048828125
0.00048828125
0.00048828125
0.000244140625
0.000732421875
0.00048828125
0.000244140625
0.000244140625
0.00048828125
0.00048828125
0.00048828125
0.000244140625
0.000732421875
0.00048828125
0.00048828125
0.000244140625
0.00048828125
0.00048828125
0.000244140625
0.00048828125
0.000732421875
0.000244140625
0.00048828125
0.00048828125
0.000244140625
0.00048828125
0.00048828125
0.000244140625
0.000732421875
0.000244140625
0.00048828125
0.00048828125
0.000244140625
0.00048828125
0.00048828125
0.000244140625
0.000732421875
0.00048828125
0.00048828125
0.000244140625
0.00048828125
0.00048828125
0.000244140625
0.00048828125
0.000732421875
0.000244140625
0.00048828125
0.00048828125
0.000244140625
0.00048828125
0.00048828125
0.000244140625
0.000732421875
0.000244140625
0.000244140625
0.00048828125
0.00048828125
0.000244140625
0.00048828125
0.000244140625
0.000732421875
0.00048828125
0.000244140625
0.00048828125
0.00048828125
0.000244140625
0.00048828125
0.00048828125
0.000244140625
0.000732421875
0.000244140625
0.00048828125
0.00048828125
0.00048828125
0.000244140625
0.00048828125
0.000732421875
0.0
0.00048828125
0.000244140625
0.00048828125
0.00048828125
0.000244140625
0.00048828125
0.000244140625
0.000732421875
0.00048828125
0.000244140625
0.00048828125
0.00048828125
0.000244140625
0.00048828125
0.00048828125
0.000244140625
0.000732421875
0.00048828125
0.000244140625
0.00048828125
0.00048828125
0.000244140625
0.00048828125
0.00048828125
0.00048828125
0.000244140625
0.00048828125
0.00048828125
0.000244140625
0.00048828125
0.00048828125
0.000244140625
0.000732421875
0.00048828125
0.000244140625
0.00048828125
0.00048828125
0.00048828125
0.000244140625
0.000732421875
0.000244140625
0.00048828125
0.00048828125
0.00048828125
0.000244140625
0.00048828125
0.00048828125
0.00048828125
0.00048828125
0.000244140625
0.00048828125
0.00048828125
0.000244140625
0.00048828125
0.00048828125
0.0009765625
0.000244140625
0.00048828125
0.00048828125
0.000244140625
0.00048828125
0.00048828125
0.000244140625
0.000732421875
0.00048828125
0.000244140625
0.00048828125
0.000244140625
0.00048828125
0.000244140625
0.000244140625
0.000732421875
0.00048828125
1474.73095703125
0.00146484375
0.000244140625
0.000732421875
0.00048828125
0.00048828125
0.000244140625
0.00048828125
0.00048828125
0.000244140625
0.00048828125
0.000732421875
0.000244140625
0.00048828125
0.00048828125
0.000244140625
0.001220703125
0.000244140625
0.00048828125
0.00048828125
0.000244140625
0.00048828125
0.000244140625
0.00048828125
0.00048828125
0.001220703125
0.0009765625
0.00048828125
0.00048828125
0.000244140625
0.00048828125
0.00048828125
0.00048828125
0.00048828125
0.000244140625
0.0009765625
0.000244140625
0.00048828125
0.00048828125
0.000244140625
0.00048828125
0.00048828125
0.000244140625
0.00048828125
2615.428466796875
0.0029296875
0.000244140625
0.000732421875
0.00048828125
0.00048828125
0.00048828125
0.00048828125
9610.79736328125
0.001953125
0.00048828125
0.00048828125
0.000244140625
0.00048828125
0.000244140625
0.00048828125
0.000732421875
0.000244140625
0.00048828125
0.00048828125
0.00048828125
0.000244140625
0.00048828125
0.000244140625
0.00048828125
0.000732421875
0.00048828125
0.000244140625
0.00048828125
0.00048828125
0.000244140625
0.00048828125
0.000732421875
0.000732421875
0.000244140625
0.000244140625
0.00048828125
0.00048828125
0.000244140625
0.00048828125
0.000732421875
0.000244140625
0.00048828125
0.001220703125
0.00048828125
0.000244140625
0.000732421875
0.00048828125
0.000244140625
0.00048828125
0.00048828125
0.00048828125
0.00048828125
0.000244140625
0.001220703125
0.000244140625
0.00048828125
0.000244140625
0.00048828125
0.00048828125
0.000732421875
0.000244140625
0.00048828125
0.000244140625
0.00048828125
0.00048828125
0.000732421875
0.000732421875
0.000244140625
0.00048828125
0.00048828125
0.00048828125
0.000244140625
0.00048828125
0.00048828125
0.00048828125
0.00048828125
0.000244140625
0.000244140625
0.00048828125
0.000732421875
0.00048828125
0.000732421875
0.000244140625
0.00048828125
0.00048828125
0.000244140625
0.00048828125
0.000244140625
0.00048828125
0.00048828125
0.00048828125
0.00048828125
0.000244140625
0.00048828125
0.00048828125
0.00048828125
0.000244140625
0.00048828125
0.000732421875
0.0
0.00048828125
0.00048828125
0.000244140625
0.00048828125
0.00048828125
0.000244140625
0.000732421875
0.00048828125
0.00048828125
0.00048828125
0.00048828125
0.000244140625
0.00048828125
0.000732421875
0.00048828125
0.000244140625
0.00048828125
0.00048828125
0.000244140625
0.00048828125
0.00048828125
0.000244140625
0.00048828125
0.00048828125
0.00048828125
0.000244140625
0.00048828125
0.00048828125
0.000244140625
0.000732421875
0.00048828125
0.000244140625
0.00048828125
0.00048828125
0.000244140625
0.00048828125
0.00048828125
0.000244140625
0.0009765625
0.00048828125
0.000244140625
0.00048828125
0.00048828125
0.000244140625
0.00048828125
0.00048828125
0.00048828125
0.00048828125
0.00048828125
0.000244140625
0.00048828125
0.000244140625
0.00048828125
0.000732421875
0.00048828125
0.00048828125
0.000244140625
0.00048828125
0.000244140625
0.00048828125
0.00048828125
0.00048828125
0.00048828125
0.00048828125
0.000244140625
0.00048828125
0.00048828125
0.000244140625
0.00048828125
0.00048828125
0.00537109375
0.00048828125
0.00048828125
0.00048828125
0.00048828125
0.000244140625
0.00048828125
0.00048828125
0.000244140625
0.00048828125
0.00048828125
0.00048828125
0.000244140625
0.00048828125
0.00048828125
0.000244140625
0.000732421875
0.000244140625
0.00048828125
0.000732421875
0.000244140625
0.00048828125
0.000244140625
0.00048828125
0.00048828125
0.00048828125
0.000244140625
0.000732421875
0.00048828125
0.000244140625
0.00048828125
0.00048828125
0.000244140625
0.00048828125
0.000244140625
0.000732421875
0.000244140625
0.00048828125
0.00048828125
0.00048828125
0.000244140625
0.00048828125
0.00048828125
0.00048828125
0.00048828125
0.00048828125
0.000244140625
0.00048828125
0.00048828125
0.000244140625
0.00048828125
0.000732421875
0.000244140625
0.00048828125
0.00048828125
0.000244140625
0.00048828125
0.000244140625
0.00048828125
0.00048828125
0.00048828125
0.00048828125
0.000244140625
1508.38623046875
0.001708984375
0.00048828125
0.000244140625
0.00048828125
0.000732421875
0.000244140625
0.00048828125
0.000732421875
0.00048828125
0.000244140625
0.00048828125
0.000732421875
0.00048828125
0.000244140625
0.00048828125
0.000732421875
0.00048828125
0.000244140625
0.0009765625
0.000244140625
0.00048828125
0.00048828125
0.000244140625
0.00048828125
0.000732421875
0.000732421875
0.000244140625
0.00048828125
0.000244140625
0.00048828125
0.00048828125
0.00048828125
0.000732421875
0.000244140625
0.001220703125
0.00048828125
0.00048828125
0.00048828125
0.000732421875
0.00048828125
0.00048828125
0.00048828125
0.00048828125
0.00048828125
0.00048828125
0.001220703125
0.00048828125
0.000244140625
0.00048828125
0.00048828125
0.0009765625
0.00048828125
0.00048828125
0.00048828125
0.00048828125
0.00048828125
0.00048828125
0.0009765625
0.00048828125
0.00048828125
0.00048828125
0.00048828125
0.00048828125
0.000244140625
0.0009765625
0.000732421875
0.000244140625
0.00048828125
0.000732421875
0.000732421875
0.000732421875
0.001220703125
0.00048828125
0.0009765625
0.000244140625
0.00048828125
0.00048828125
0.000732421875
0.00048828125
0.00048828125
0.000732421875
0.00048828125
0.00048828125
0.00048828125
0.00048828125
0.000244140625
0.00048828125
0.000732421875
0.00048828125
0.000244140625
0.00048828125
0.00048828125
0.00048828125
0.00048828125
0.000732421875
0.00048828125
0.00048828125
0.000244140625
0.000732421875
0.00048828125
0.000244140625
0.000732421875
0.000244140625
0.00048828125
0.00048828125
0.00048828125
0.00048828125
0.000244140625
0.00048828125
0.000732421875
0.000244140625
0.00048828125
1105.848388671875
0.001708984375
0.00048828125
0.00048828125
0.00048828125
0.00048828125
0.000244140625
0.00048828125
0.00048828125
0.000732421875
0.00048828125
0.000244140625
0.00048828125
0.00048828125
0.00048828125
0.00048828125
0.00048828125
0.000732421875
325.756591796875
0.001953125
0.00048828125
0.00048828125
0.00048828125
0.00048828125
0.0009765625
0.00048828125
0.00048828125
0.00048828125
0.00048828125
0.000244140625
0.00048828125
0.00048828125
0.000732421875
0.00048828125
0.0009765625
0.00048828125
0.00048828125
0.000732421875
0.000732421875
0.000244140625
0.000732421875
0.000244140625
0.00048828125
0.001220703125
0.000244140625
0.00048828125
0.000732421875
0.000244140625
0.00048828125
0.00048828125
0.000732421875
0.00048828125
0.000244140625
0.0009765625
0.000244140625
0.00048828125
0.000732421875
0.00048828125
0.00048828125
0.000244140625
0.00048828125
0.00048828125
0.00048828125
0.00048828125
0.001220703125
0.00048828125
0.00048828125
0.00048828125
0.00048828125
0.000732421875
0.00048828125
0.000732421875
0.00048828125
0.000244140625
0.00048828125
0.00048828125
0.001220703125
0.000244140625
0.00048828125
0.00048828125
0.000732421875
0.000732421875
0.00048828125
0.000244140625
0.00048828125
0.00048828125
0.000244140625
0.00048828125
0.000732421875
0.000732421875
0.0009765625
3700.16845703125
0.001708984375
0.00048828125
0.00048828125
0.00048828125
0.000732421875
0.000244140625
0.000732421875
0.00048828125
0.00048828125
0.000244140625
0.00048828125
0.000244140625
0.00048828125
0.00048828125
0.00048828125
0.000732421875
0.000244140625
0.00048828125
0.00048828125
0.00048828125
0.000732421875
0.000244140625
0.00048828125
0.00048828125
0.00048828125
0.000244140625
0.00048828125
0.00048828125
0.000732421875
0.000244140625
0.00048828125
0.00048828125
0.000244140625
0.000244140625
0.0009765625
0.000732421875
0.00048828125
0.00048828125
0.000244140625
0.00048828125
0.000244140625
0.00048828125
0.000732421875
0.000244140625
0.00048828125
0.000732421875
0.000244140625
0.00048828125
0.00048828125
0.000244140625
0.000732421875
0.00048828125
0.00048828125
0.00048828125
0.000244140625
0.000244140625
0.00048828125
0.000732421875
0.00048828125
0.00048828125
0.00048828125
0.000244140625
0.00048828125
0.000244140625
1489.567626953125
0.001708984375
0.000244140625
0.00048828125
0.000732421875
0.000244140625
0.00048828125
0.00048828125
0.000732421875
0.00048828125
0.00048828125
0.000244140625
0.00048828125
0.00048828125
0.000244140625
0.00048828125
0.0009765625
0.000244140625
0.00048828125
0.00048828125
0.000244140625
0.00048828125
0.00048828125
0.000244140625
0.00048828125
0.0009765625
0.00048828125
0.00048828125
0.00048828125
0.000244140625
0.000732421875
0.000244140625
0.00048828125
0.00048828125
0.000244140625
0.00146484375
0.000732421875
0.000244140625
0.00048828125
0.001220703125
0.00048828125
0.00048828125
0.000244140625
0.00048828125
0.00048828125
0.00048828125
0.0009765625
0.000244140625
0.000732421875
0.00048828125
0.00048828125
0.000244140625
0.00048828125
0.00048828125
0.00048828125
0.000244140625
0.000732421875
0.00048828125
0.0009765625
0.00048828125
0.00048828125
734.2421875
0.001953125
0.000732421875
0.00048828125
0.00048828125
0.00048828125
0.000244140625
0.00048828125
0.000732421875
0.000244140625
0.000732421875
0.00048828125
0.000244140625
0.00048828125
0.000244140625
0.00048828125
0.00048828125
0.00048828125
0.000732421875
0.000244140625
0.000244140625
0.000244140625
0.00048828125
0.00048828125
46.80712890625
0.001708984375
0.000244140625
0.00048828125
0.00048828125
1964.117919921875
0.00244140625
0.00048828125
0.00048828125
0.000732421875
0.000244140625
0.00048828125
0.000732421875
0.000732421875
0.000244140625
0.000732421875
0.000244140625
0.00048828125
0.000732421875
0.00048828125
0.00048828125
0.0009765625
0.000244140625
0.00048828125
0.000732421875
0.00048828125
0.00048828125
0.000244140625
0.00048828125
0.00048828125
0.001708984375
0.00048828125
0.0
0.00048828125
0.00048828125
0.000244140625
0.00048828125
0.000732421875
0.000244140625
0.00048828125
0.001220703125
0.00048828125
0.00048828125
0.000732421875
0.000244140625
0.00048828125
0.00048828125
0.00048828125
0.000244140625
0.00048828125
0.00048828125
0.0009765625
0.000244140625
0.000244140625
0.00048828125
0.00048828125
0.00048828125
0.000244140625
0.000732421875
0.00048828125
0.000244140625
0.00048828125
0.00048828125
0.001953125
0.00048828125
0.00048828125
0.000244140625
0.00048828125
0.00048828125
0.00048828125
0.000732421875
0.000244140625
0.00048828125
0.00048828125
0.00048828125
0.000244140625
0.00048828125
0.00146484375
0.00048828125
0.00048828125
0.00048828125
0.00048828125
0.000244140625
0.000732421875
0.00048828125
0.000244140625
0.00048828125
0.00048828125
0.000732421875
0.00048828125
0.000732421875
0.0
0.00048828125
0.000732421875
0.00048828125
0.00048828125
0.000244140625
0.000732421875
0.00048828125
0.00048828125
0.00048828125
1803.801025390625
0.001220703125
0.000732421875
0.00048828125
0.00048828125
0.00048828125
0.000244140625
0.00048828125
0.00048828125
0.000244140625
0.000732421875
0.00048828125
0.00048828125
0.000244140625
0.000244140625
0.000244140625
0.000732421875
0.000244140625
0.000732421875
0.00048828125
0.00048828125
0.000244140625
0.00048828125
0.000244140625
0.00048828125
0.001220703125
0.00048828125
0.000244140625
0.00048828125
0.00048828125
0.000244140625
0.00048828125
0.000732421875
0.000244140625
0.00048828125
0.0009765625
0.00048828125
0.00048828125
0.00048828125
0.00048828125
0.000244140625
0.00048828125
0.00048828125
0.00048828125
0.000244140625
0.00048828125
0.001220703125
0.00048828125
0.00048828125
0.00048828125
0.00048828125
0.00048828125
0.000732421875
0.000244140625
0.00048828125
0.000244140625
0.00048828125
0.00048828125
0.001708984375
0.00048828125
0.00048828125
0.000244140625
0.00048828125
0.010498046875
0.00048828125
0.000732421875
0.000244140625
6621.292236328125
0.001953125
0.00048828125
0.000244140625
0.000732421875
0.000244140625
0.000732421875
0.00048828125
0.00048828125
0.00048828125
0.000244140625
0.00048828125
1466.915283203125
0.001708984375
0.00048828125
0.00048828125
0.000732421875
0.000244140625
0.00048828125
0.00048828125
0.00146484375
0.005126953125
0.00048828125
0.000732421875
0.00048828125
0.00048828125
0.000244140625
0.00048828125
0.0009765625
0.000732421875
0.000244140625
0.000244140625
0.000732421875
0.000244140625
0.00048828125
0.00048828125
0.000732421875
0.0009765625
0.00048828125
0.00048828125
0.00048828125
0.000244140625
0.00048828125
0.000732421875
0.000244140625
0.00048828125
0.000244140625
0.0009765625
0.00048828125
0.000732421875
0.000244140625
0.000244140625
0.00048828125
0.000244140625
0.00048828125
0.000732421875
0.00048828125
0.000732421875
0.000732421875
0.00048828125
0.00048828125
0.00048828125
0.00048828125
0.000732421875
0.00048828125
0.000244140625
0.00048828125
0.00048828125
0.00048828125
0.000244140625
0.000732421875
0.000244140625
0.00048828125
0.00048828125
0.000244140625
0.00048828125
0.000244140625
0.00048828125
0.000732421875
0.00048828125
0.00048828125
0.000244140625
0.00048828125
0.00048828125
0.00048828125
0.00048828125
0.000732421875
0.000244140625
0.00048828125
0.00048828125
0.000244140625
0.00048828125
0.00048828125
0.000244140625
0.00048828125
0.00048828125
0.000244140625
0.00048828125
0.00048828125
0.000244140625
0.00048828125
0.00048828125
0.00048828125
0.00048828125
0.00048828125
0.000244140625
0.00048828125
0.00048828125
0.000244140625
0.00048828125
0.000732421875
0.000244140625
0.00048828125
0.00048828125
0.000244140625
0.00048828125
0.00048828125
0.00048828125
0.000732421875
0.00048828125
0.00048828125
0.000244140625
0.00048828125
0.00048828125
0.00048828125
0.00048828125
0.00048828125
0.000244140625
0.00048828125
0.00048828125
0.000244140625
0.00048828125
0.00048828125
0.00048828125
0.00048828125
0.00048828125
0.000244140625
0.00048828125
0.00048828125
0.00048828125
0.000244140625
0.00048828125
0.00048828125
0.00048828125
0.000244140625
0.00048828125
0.00048828125
0.000244140625
0.00048828125
0.000732421875
0.000244140625
0.00048828125
0.000244140625
0.00048828125
0.00048828125
0.000244140625
0.00048828125
0.000732421875
0.000244140625
0.00048828125
0.00048828125
0.00048828125
0.000244140625
0.00048828125
0.000244140625
0.000244140625
0.000732421875
0.000244140625
0.00048828125
0.00048828125
0.00048828125
0.000244140625
0.00048828125
0.000732421875
0.000244140625
0.00048828125
0.00048828125
0.000244140625
0.00048828125
0.00048828125
0.00048828125
0.000244140625
0.000732421875
0.00048828125
0.000244140625
0.00048828125
0.00048828125
0.000244140625
0.000244140625
0.000732421875
0.00048828125
0.000244140625
0.00048828125
0.000244140625
0.00048828125
0.00048828125
0.00048828125
0.000244140625
0.000732421875
0.000244140625
0.00048828125
0.00048828125
0.000244140625
0.00048828125
0.00048828125
0.000244140625
0.000732421875
0.00048828125
0.000244140625
0.00048828125
0.000244140625
0.000244140625
0.00048828125
0.00048828125
0.00048828125
0.00048828125
0.00048828125
0.000244140625
0.00048828125
0.00048828125
0.000244140625
0.00048828125
0.000732421875
0.000244140625
0.00048828125
0.00048828125
0.000244140625
0.00048828125
0.000244140625
0.00048828125
0.000732421875
0.000244140625
0.00048828125
0.00048828125
0.000244140625
0.000244140625
0.00048828125
0.000244140625
0.00048828125
0.000732421875
0.00048828125
0.008056640625
0.00048828125
0.00048828125
0.00048828125
0.000732421875
0.000244140625
0.00048828125
0.00048828125
3208.5185546875
0.001708984375
0.00048828125
0.000244140625
0.000732421875
0.00048828125
0.00048828125
0.000244140625
0.000244140625
0.00048828125
0.00048828125
0.000244140625
0.000732421875
0.00048828125
0.00048828125
0.00048828125
0.00048828125
0.000244140625
0.00048828125
0.000732421875
0.000244140625
0.00048828125
0.00048828125
0.00048828125
0.000244140625
0.00048828125
0.00048828125
0.000732421875
0.000244140625
0.00048828125
0.000244140625
0.000244140625
0.00048828125
0.000244140625
0.00048828125
0.0009765625
0.0009765625
0.00048828125
0.00048828125
0.000244140625
0.00048828125
0.000732421875
0.000244140625
0.00048828125
0.00048828125
0.000244140625
0.001220703125
0.000244140625
0.000732421875
0.00048828125
0.0
0.00048828125
0.000244140625
0.00048828125
0.00048828125
0.00048828125
0.00048828125
0.00048828125
0.0009765625
0.000244140625
0.00048828125
0.00048828125
0.000244140625
0.000732421875
0.00048828125
0.000244140625
0.00048828125
0.00048828125
0.000244140625
0.00048828125
0.00048828125
0.00048828125
0.00048828125
0.00048828125
0.000244140625
0.00048828125
0.00048828125
0.000244140625
0.00048828125
0.000732421875
0.000244140625
0.00048828125
7085.841064453125
0.001220703125
0.000244140625
0.00048828125
0.0009765625
0.00048828125
0.00048828125
0.000244140625
0.000732421875
0.000244140625
0.00048828125
0.000732421875
0.000244140625
0.00048828125
0.00048828125
0.000244140625
0.0009765625
0.00048828125
0.000732421875
0.000244140625
0.00048828125
0.000244140625
0.00048828125
0.000244140625
0.00048828125
0.0009765625
0.000244140625
0.00048828125
0.00048828125
0.00048828125
0.000244140625
0.00048828125
0.00048828125
0.000244140625
0.000732421875
0.0009765625
0.00048828125
0.00048828125
0.00048828125
0.000244140625
0.000732421875
0.000244140625
0.00048828125
0.0
0.00048828125
0.00048828125
0.00048828125
0.00048828125
0.000732421875
0.000244140625
0.00048828125
0.000244140625
0.00048828125
0.00048828125
0.00048828125
0.000244140625
0.000732421875
0.000244140625
0.0009765625
0.000244140625
0.00048828125
0.00048828125
0.000244140625
0.000732421875
0.00048828125
0.000244140625
0.000244140625
0.00048828125
0.00048828125
0.000244140625
0.00048828125
0.000244140625
0.0009765625
0.00048828125
0.00048828125
0.00048828125
0.000244140625
0.00048828125
0.000732421875
0.000244140625
0.00048828125
0.00048828125
0.000244140625
0.00048828125
0.000244140625
0.00048828125
0.00048828125
0.000732421875
0.000732421875
0.00048828125
0.000244140625
0.00048828125
0.00048828125
0.000732421875
0.000244140625
0.00048828125
0.00048828125
0.000244140625
0.00048828125
0.00048828125
0.00048828125
0.00048828125
0.00048828125
0.00048828125
0.00048828125
0.00048828125
0.00048828125
0.00048828125
0.000732421875
0.0
0.00048828125
0.00048828125
0.00048828125
0.00048828125
0.00048828125
0.000244140625
0.000732421875
0.00048828125
0.00048828125
0.000244140625
0.00048828125
0.000244140625
0.00048828125
0.00048828125
0.000732421875
0.000244140625
0.00048828125
0.00048828125
0.00048828125
0.00048828125
0.000244140625
0.000732421875
0.000244140625
0.000244140625
0.00048828125
2451.1396484375
0.001708984375
0.00048828125
0.00048828125
0.00048828125
0.000732421875
0.000244140625
0.00048828125
0.00048828125
0.00048828125
0.000244140625
0.00048828125
0.00048828125
0.00048828125
0.00048828125
0.00048828125
0.00048828125
0.00048828125
0.00048828125
0.00048828125
0.000244140625
0.00048828125
0.00048828125
0.00048828125
0.000244140625
0.000732421875
0.00048828125
0.000732421875
0.00048828125
0.00048828125
0.00048828125
0.000244140625
0.00048828125
0.00048828125
0.000244140625
0.001220703125
0.00048828125
0.00048828125
0.00048828125
0.000244140625
0.00048828125
0.00048828125
0.000244140625
0.00048828125
0.00048828125
0.00048828125
0.000732421875
0.00048828125
0.000732421875
0.000244140625
0.00048828125
0.00048828125
0.000244140625
0.00048828125
0.00048828125
0.00048828125
0.000732421875
0.000244140625
0.0009765625
0.000244140625
0.00048828125
0.00048828125
0.00048828125
0.000244140625
0.00048828125
0.00048828125
0.000244140625
0.00048828125
0.00048828125
0.00048828125
0.000244140625
0.000732421875
0.00146484375
0.00048828125
0.000244140625
0.00048828125
0.000732421875
0.00048828125
0.000244140625
0.00048828125
0.00048828125
0.000244140625
0.00048828125
0.000244140625
0.000244140625
0.000732421875
0.000244140625
0.00048828125
0.00048828125
0.00048828125
0.00048828125
0.00048828125
0.000732421875
0.00048828125
0.00048828125
0.000244140625
0.00048828125
0.00048828125
0.00048828125
0.000732421875
0.00048828125
0.00048828125
0.000244140625
0.00048828125
0.00048828125
0.000244140625
0.00830078125
0.000244140625
0.00048828125
0.00048828125
0.00048828125
0.000244140625
0.000244140625
0.000732421875
0.00048828125
0.000244140625
0.0009765625
0.000244140625
0.00048828125
0.00048828125
0.000244140625
0.000732421875
0.00048828125
0.00048828125
0.000244140625
0.00048828125
0.00048828125
0.00048828125
0.000732421875
0.00048828125
0.000244140625
0.00048828125
0.00048828125
0.000244140625
0.000244140625
0.00048828125
0.00048828125
0.00048828125
0.00048828125
0.000244140625
0.00048828125
0.00048828125
0.00048828125
0.000244140625
0.000732421875
0.000244140625
0.00048828125
0.00048828125
0.00048828125
0.000244140625
0.00048828125
0.00048828125
0.00048828125
0.00048828125
0.00048828125
0.000244140625
0.00048828125
0.000244140625
0.00048828125
0.000244140625
0.000732421875
0.00048828125
5594.84912109375
0.002197265625
0.00048828125
0.00048828125
0.00048828125
0.00048828125
0.00048828125
0.00048828125
0.00048828125
0.00048828125
0.00048828125
0.00048828125
0.000244140625
0.00048828125
0.00048828125
0.000244140625
0.0009765625
0.000244140625
0.00048828125
0.000732421875
0.000244140625
0.00048828125
0.00048828125
0.000244140625
0.00048828125
0.001220703125
0.000732421875
0.00048828125
0.00048828125
0.000244140625
0.00048828125
0.000244140625
0.00048828125
0.00048828125
0.000244140625
0.001220703125
0.00048828125
0.000244140625
0.00048828125
0.00048828125
0.00048828125
0.00048828125
0.00048828125
0.00048828125
0.000244140625
0.00048828125
0.001220703125
0.000244140625
0.00048828125
0.00048828125
0.00048828125
0.00048828125
0.00048828125
0.000244140625
0.000732421875
0.00048828125
0.00048828125
0.00048828125
0.0009765625
0.000732421875
0.00048828125
0.00048828125
0.00048828125
0.00048828125
0.000244140625
0.00048828125
0.00048828125
0.000732421875
0.00048828125
0.00048828125
0.000244140625
0.00048828125
0.0009765625
0.000732421875
0.00048828125
0.000732421875
0.00048828125
0.000244140625
0.00048828125
0.000732421875
0.000244140625
0.00048828125
0.00048828125
0.000244140625
0.00048828125
0.00048828125
0.000244140625
0.00048828125
0.000732421875
0.00048828125
0.00048828125
0.00048828125
0.000244140625
0.00048828125
0.000244140625
0.00048828125
0.00048828125
0.00048828125
0.00048828125
0.000244140625
0.00048828125
0.00048828125
0.00048828125
0.000732421875
0.000244140625
0.00048828125
0.00048828125
0.00048828125
0.000244140625
0.00048828125
0.000732421875
0.000244140625
0.00048828125
0.00048828125
0.000244140625
0.00048828125
0.000244140625
0.00048828125
0.000732421875
0.000244140625
0.00048828125
0.00048828125
0.000244140625
0.00048828125
0.00048828125
0.00048828125
0.000732421875
0.00048828125
0.000244140625
0.00048828125
0.00048828125
0.00048828125
0.000244140625
0.00048828125
0.000732421875
0.000244140625
0.00048828125
0.00048828125
0.000244140625
0.000244140625
0.00048828125
0.000244140625
0.000732421875
0.00048828125
0.00048828125
0.00048828125
0.000244140625
0.00048828125
0.000732421875
0.00048828125
0.00048828125
0.00048828125
0.00048828125
0.00048828125
0.000244140625
0.00048828125
0.00048828125
0.00048828125
0.00048828125
0.00048828125
0.000244140625
0.000244140625
852.99853515625
0.001708984375
0.00048828125
0.000244140625
0.000732421875
0.00048828125
0.00048828125
0.000244140625
0.000732421875
0.000244140625
0.00048828125
1504.654296875
0.001953125
0.00048828125
0.00048828125
0.00048828125
0.00048828125
0.00048828125
0.000244140625
0.001220703125
0.000244140625
0.000732421875
0.00048828125
0.00048828125
0.000244140625
0.0009765625
0.00048828125
0.000732421875
0.00048828125
0.000732421875
0.000732421875
0.000732421875
0.00048828125
0.00048828125
0.00048828125
0.00048828125
1114.878173828125
0.002197265625
0.00048828125
0.000244140625
0.000732421875
0.00048828125
0.00048828125
0.00048828125
0.00048828125
0.00048828125
0.00048828125
0.000244140625
0.000732421875
0.00048828125
0.00048828125
0.000244140625
0.000732421875
0.00048828125
0.00048828125
0.00048828125
0.00048828125
0.00048828125
0.00048828125
0.00048828125
0.000244140625
0.001220703125
0.000244140625
0.00048828125
0.00048828125
0.00048828125
0.000244140625
0.00048828125
0.00048828125
0.000732421875
0.000244140625
0.0009765625
0.00048828125
0.00048828125
0.00048828125
0.00048828125
0.00048828125
0.00048828125
0.00048828125
0.000244140625
0.000244140625
0.00048828125
0.0009765625
0.00048828125
0.00048828125
0.000244140625
0.00048828125
0.00048828125
0.000244140625
0.00048828125
0.000732421875
0.00048828125
0.000244140625
0.00048828125
0.002197265625
0.00048828125
0.00048828125
0.00048828125
0.000244140625
0.000244140625
785.740234375
0.001708984375
0.00048828125
0.00048828125
0.00048828125
0.00048828125
0.00048828125
0.000244140625
0.00048828125
0.00048828125
0.00048828125
0.000244140625
0.00048828125
0.00048828125
0.00048828125
0.000244140625
0.00048828125
0.000732421875
0.000732421875
0.000244140625
0.00048828125
0.00048828125
0.00048828125
0.00048828125
0.000244140625
0.0009765625
0.00048828125
0.0009765625
0.00048828125
0.00048828125
0.000244140625
0.000732421875
0.00048828125
0.000244140625
0.00048828125
0.00048828125
1481.781494140625
0.00244140625
0.000732421875
0.00048828125
0.00048828125
0.00048828125
0.000732421875
0.00048828125
0.0009765625
0.00048828125
0.000244140625
0.000732421875
0.000732421875
0.00048828125
0.00048828125
0.000244140625
0.0009765625
0.000732421875
0.00048828125
0.00048828125
0.000244140625
0.00048828125
0.00048828125
0.00048828125
0.000732421875
0.0009765625
0.00048828125
0.000732421875
0.00048828125
0.000244140625
0.000732421875
0.00048828125
0.00048828125
0.00048828125
0.00048828125
0.00146484375
0.000732421875
0.00048828125
0.000244140625
0.00048828125
0.00048828125
0.00048828125
0.000732421875
0.000732421875
0.000732421875
0.00048828125
0.00146484375
1103.2392578125
0.002197265625
0.00048828125
0.00048828125
0.00048828125
0.000244140625
0.00048828125
0.000732421875
0.000732421875
0.00048828125
0.00048828125
0.00048828125
0.000244140625
0.00048828125
0.000732421875
0.00048828125
0.000732421875
0.000244140625
0.000244140625
0.00048828125
0.00048828125
0.000732421875
0.000244140625
0.00048828125
0.00048828125
0.0009765625
0.00048828125
0.000732421875
0.000244140625
0.00048828125
0.00048828125
0.00048828125
0.000244140625
0.00048828125
0.00048828125
0.00146484375
0.000244140625
0.00048828125
0.000244140625
0.00048828125
751.09423828125
0.00146484375
0.000732421875
522.395751953125
0.00146484375
0.00048828125
0.000244140625
0.0009765625
0.000244140625
0.00048828125
0.000732421875
0.00048828125
0.000732421875
0.00048828125
0.00048828125
0.00048828125
0.000244140625
0.00048828125
0.00048828125
0.0009765625
0.00048828125
0.000244140625
0.00048828125
0.00048828125
0.00048828125
0.000244140625
0.00048828125
0.000732421875
0.00048828125
0.00048828125
0.00048828125
0.00048828125
0.00048828125
0.0009765625
0.000732421875
0.0009765625
0.00048828125
0.001220703125
0.00048828125
0.00048828125
0.00048828125
0.00048828125
0.00048828125
0.00048828125
0.000732421875
0.00048828125
0.00048828125
0.00048828125
0.000244140625
0.0009765625
0.000732421875
0.00048828125
0.00048828125
0.00048828125
0.000244140625
0.00048828125
0.00048828125
0.000732421875
0.00048828125
0.000244140625
0.00048828125
0.001220703125
0.00048828125
0.000732421875
0.000244140625
0.00048828125
0.00048828125
0.000244140625
0.00048828125
0.00048828125
2874.1953125
0.001953125
0.000732421875
0.00048828125
0.000732421875
0.00048828125
0.00048828125
0.00048828125
0.000732421875
0.00048828125
0.00048828125
0.000244140625
0.00048828125
0.00048828125
0.00048828125
0.000244140625
0.001220703125
0.00048828125
0.00048828125
0.00048828125
0.00048828125
0.000244140625
0.000732421875
0.00048828125
0.00048828125
0.000732421875
0.00048828125
0.00048828125
0.000732421875
0.000244140625
0.00048828125
0.000244140625
0.00048828125
0.00048828125
0.00048828125
0.001220703125
0.00048828125
0.00048828125
0.000244140625
0.00048828125
0.00048828125
0.000244140625
0.000732421875
0.00048828125
0.00048828125
0.000244140625
0.000732421875
0.00048828125
0.00048828125
0.00048828125
0.00048828125
0.000732421875
0.000732421875
0.00048828125
0.00048828125
0.000732421875
0.0
0.00048828125
0.00146484375
0.00048828125
0.000732421875
0.00048828125
0.000244140625
0.00048828125
0.000244140625
0.00048828125
0.00048828125
0.00048828125
0.000244140625
421.951904296875
0.00244140625
0.00048828125
0.000732421875
0.0009765625
0.000732421875
0.000732421875
0.000732421875
0.001220703125
0.000244140625
0.000732421875
0.00048828125
0.0009765625
0.0009765625
0.000732421875
0.000732421875
0.00146484375
0.000732421875
0.00048828125
0.001220703125
0.001220703125
0.00048828125
0.000732421875
0.000732421875
0.000732421875
0.001220703125
0.000732421875
0.000732421875
0.00048828125
0.0009765625
0.000732421875
0.00048828125
0.000732421875
0.0009765625
0.000732421875
0.0009765625
844.96728515625
0.00244140625
0.000244140625
0.00048828125
0.000732421875
0.0009765625
1585.99853515625
0.001708984375
0.000244140625
0.00048828125
0.000732421875
0.00048828125
0.00048828125
0.00048828125
0.00048828125
2876.047119140625
0.002197265625
0.00048828125
0.000732421875
0.000244140625
0.00048828125
0.00048828125
0.000732421875
0.000732421875
0.000732421875
0.000732421875
0.00048828125
0.0009765625
0.00048828125
0.000732421875
0.00048828125
0.0009765625
0.000732421875
0.000732421875
0.000244140625
0.000732421875
0.00048828125
0.000732421875
0.00048828125
0.00048828125
0.0009765625
0.000244140625
0.00048828125
0.00048828125
0.0009765625
0.00048828125
0.000244140625
0.00048828125
0.00048828125
0.00048828125
0.001220703125
0.00048828125
0.000244140625
0.00048828125
0.00048828125
0.00048828125
0.000732421875
0.00048828125
0.00048828125
0.00048828125
0.00048828125
0.000732421875
0.00048828125
0.000732421875
0.000244140625
0.000732421875
0.00048828125
0.00048828125
0.00048828125
0.000732421875
0.000732421875
0.000244140625
0.00048828125
0.000732421875
0.00048828125
0.000732421875
0.00048828125
0.00048828125
0.00048828125
0.00048828125
0.000244140625
0.00048828125
0.001220703125
0.00048828125
0.00048828125
0.00048828125
0.00048828125
0.001220703125
0.00048828125
0.000244140625
0.000244140625
0.000732421875
0.00048828125
0.00048828125
0.000732421875
0.00048828125
0.00048828125
0.000244140625
0.00048828125
0.00048828125
0.00048828125
0.000732421875
0.00048828125
0.00048828125
0.00048828125
0.000732421875
0.00048828125
0.00048828125
0.000732421875
0.000244140625
0.000244140625
0.00048828125
0.000732421875
0.000244140625
0.00048828125
0.000732421875
0.00048828125
0.00048828125
0.00048828125
0.000244140625
0.00048828125
0.001220703125
0.00048828125
0.00048828125
0.00048828125
0.00048828125
0.000244140625
0.00048828125
0.000732421875
0.000244140625
0.000244140625
0.00048828125
0.00048828125
0.00048828125
0.00048828125
0.000244140625
0.000732421875
0.00048828125
0.00048828125
0.000244140625
0.00048828125
8450.007568359375
0.00146484375
0.00048828125
0.00048828125
0.00048828125
0.000732421875
0.00048828125
0.00048828125
0.000732421875
0.00048828125
0.00048828125
0.000732421875
0.00048828125
0.00048828125
0.00048828125
0.00048828125
0.00048828125
0.000244140625
0.0009765625
0.000244140625
0.00048828125
0.000732421875
0.00048828125
0.00048828125
0.000732421875
0.0009765625
0.00048828125
0.00048828125
0.00048828125
0.00048828125
0.000732421875
0.00048828125
0.00048828125
0.000244140625
0.00048828125
0.000732421875
0.000244140625
0.000732421875
0.00048828125
0.00048828125
0.000244140625
0.00048828125
0.00048828125
0.00048828125
0.000244140625
0.000732421875
0.000732421875
0.00048828125
0.00048828125
0.00048828125
0.000244140625
0.000732421875
0.00048828125
0.00048828125
0.00048828125
0.000244140625
0.00048828125
0.000244140625
0.0009765625
0.00048828125
0.00048828125
0.00048828125
0.000244140625
0.00048828125
0.00048828125
0.000732421875
0.000244140625
0.00048828125
0.00048828125
0.000244140625
0.00048828125
0.00048828125
0.001220703125
0.00048828125
0.00048828125
0.00048828125
0.000244140625
0.000244140625
0.00048828125
0.00048828125
0.00048828125
0.00048828125
0.000244140625
0.00048828125
0.00048828125
0.000244140625
0.00048828125
0.00048828125
0.000732421875
0.00048828125
0.000244140625
0.00048828125
0.00048828125
0.000244140625
0.00048828125
0.00048828125
0.000732421875
0.00048828125
0.000244140625
0.00048828125
0.000244140625
0.000244140625
0.00048828125
0.000732421875
0.00048828125
0.000244140625
0.00048828125
0.00048828125
0.00048828125
0.000244140625
0.00048828125
0.000732421875
0.000244140625
0.00048828125
0.00048828125
0.000244140625
0.00048828125
0.00048828125
0.00048828125
0.00048828125
0.00048828125
0.000244140625
335.77783203125
