BALANCES z:835.0  x:453.0  r:93.0  i:133.0  j:972.0  k:394.0  s:1251.0  y:848.0  o:375.0  v:607.0  b:1015.0  f:708.0  c:906.0  m:197.0  p:11.0  d:540.0  l:375.0  g:975.0  h:42.0  q:294.0  t:222.0  n:11.0  w:430.0  u:600.0  e:300.0  a:489.0 

BANDWIDTH: 
0
1196
0
0
0
0
0
0
46827
21996
13815
405
0
4252
25607
0
0
16026
16169
56296
56676
23896
64289
71272
71922
5587
5735
1928
22986
61480
172209
43728
20229
22595
135631
68770
43111
22624
1496
37986
55081
118190
28188
111087
385
0
42063
64254
83465
36974
8791
14825
0
0
78302
75941
0
0
0
0
188976
1292
79684
1875
2808
123990
90571
45278
193
0
0
85114
77860
188908
14027
66842
59836
34857
0
0
75383
108312
38828
0
1936
84687
92834
29883
39897
29247
428
63322
68658
29455
33564
63826
24113
31112
13706
0
0
0
0
0
81525
214857
19718
25213
112386
31718
56925
0
0
0
23027
99053
50324
38431
39095
35083


DELAY: 
0.001708984375
0.00048828125
0.00048828125
0.000732421875
0.000732421875
0.000732421875
0.00048828125
0.000244140625
0.000732421875
0.00048828125
0.00048828125
0.000732421875
0.00048828125
0.00048828125
0.000244140625
0.0009765625
0.000732421875
0.000732421875
0.00048828125
0.00048828125
0.00048828125
0.00048828125
0.00048828125
0.000732421875
0.000732421875
0.000732421875
0.00048828125
0.00048828125
0.00048828125
0.00048828125
0.00048828125
0.00048828125
0.00048828125
0.00048828125
0.001708984375
0.0009765625
0.000244140625
0.00048828125
0.00048828125
0.00048828125
0.000732421875
0.000244140625
0.00048828125
0.000244140625
0.00048828125
0.0009765625
0.00048828125
0.000732421875
0.000244140625
0.00048828125
0.00048828125
0.00048828125
0.000244140625
0.00048828125
0.000732421875
0.00048828125
0.000244140625
0.001220703125
0.000732421875
0.00048828125
0.00048828125
0.00048828125
0.000244140625
0.00048828125
0.00048828125
0.000244140625
0.00048828125
0.000732421875
0.000244140625
0.000732421875
0.000244140625
0.00146484375
0.0009765625
0.00048828125
0.00048828125
0.00048828125
0.000244140625
0.00048828125
3397.686279296875
0.00146484375
0.00048828125
0.000244140625
0.000732421875
8511.598388671875
0.001708984375
0.00048828125
0.000244140625
0.00048828125
0.0009765625
0.00048828125
0.000732421875
0.000732421875
0.00048828125
0.00048828125
0.000244140625
0.00048828125
0.000244140625
0.000732421875
0.00048828125
0.000732421875
0.00048828125
0.000244140625
0.00048828125
0.00048828125
0.00048828125
0.00048828125
0.00048828125
0.00048828125
0.00048828125
0.00048828125
0.000244140625
0.000732421875
0.000244140625
0.000244140625
0.00048828125
0.00048828125
0.000244140625
0.00048828125
0.000732421875
0.0009765625
0.000244140625
0.00048828125
0.00048828125
0.00048828125
0.00048828125
0.000244140625
0.0009765625
0.00048828125
0.00048828125
0.000732421875
0.00048828125
0.00048828125
0.00048828125
0.000244140625
0.00048828125
0.00048828125
0.00048828125
0.00048828125
0.00048828125
0.000244140625
0.000732421875
0.0009765625
0.00048828125
0.00048828125
0.000244140625
0.00048828125
0.000732421875
0.000244140625
0.000732421875
0.000244140625
0.00048828125
0.00048828125
0.000244140625
0.000244140625
0.000732421875
0.00048828125
0.00048828125
0.00048828125
0.000244140625
0.00048828125
0.00048828125
0.00048828125
0.00048828125
0.00048828125
0.000244140625
0.00048828125
0.00048828125
0.000244140625
0.00048828125
0.000732421875
0.000244140625
0.00048828125
0.00048828125
0.00048828125
0.00048828125
0.000244140625
0.000244140625
0.000732421875
0.00048828125
0.000244140625
0.000732421875
0.00048828125
0.000244140625
0.000732421875
0.000732421875
0.00048828125
0.000244140625
0.00048828125
0.00048828125
0.00048828125
0.00048828125
0.000732421875
0.000244140625
0.00048828125
0.00048828125
0.00048828125
0.00048828125
0.0
0.00048828125
0.000732421875
0.00048828125
0.00048828125
0.00048828125
0.000244140625
0.00048828125
0.00048828125
0.000732421875
0.000244140625
0.00048828125
0.00048828125
0.00048828125
0.000244140625
0.00048828125
0.00048828125
0.00048828125
0.00048828125
0.00048828125
0.000244140625
0.00048828125
0.00048828125
0.0
0.00048828125
0.000732421875
0.000244140625
0.00048828125
0.00048828125
0.000244140625
0.00048828125
0.00048828125
0.000244140625
0.000732421875
0.00048828125
0.00048828125
0.00048828125
0.00048828125
0.000244140625
0.00048828125
0.00048828125
0.00048828125
0.00048828125
0.00048828125
0.000244140625
0.00048828125
0.000244140625
0.00048828125
0.000244140625
0.000732421875
0.00048828125
0.000244140625
0.00048828125
0.00048828125
0.00048828125
0.00048828125
0.000244140625
0.000732421875
0.000244140625
0.00048828125
0.00048828125
0.00048828125
0.000244140625
0.00048828125
0.000732421875
2470.619384765625
0.001708984375
0.00048828125
0.00048828125
0.00048828125
0.000244140625
0.00048828125
0.00146484375
0.000732421875
0.000244140625
0.00048828125
0.000732421875
0.000244140625
0.00048828125
0.00048828125
0.000244140625
0.000732421875
0.00048828125
0.000244140625
0.000732421875
0.00048828125
0.000244140625
0.00048828125
0.000244140625
0.00048828125
0.0009765625
0.00048828125
0.00048828125
0.000244140625
0.00048828125
0.00048828125
0.000244140625
0.00048828125
0.00048828125
0.00048828125
0.0009765625
0.00048828125
0.000244140625
0.00048828125
0.00048828125
0.000244140625
0.000732421875
0.00048828125
0.000244140625
0.00048828125
0.000244140625
0.000732421875
0.000732421875
0.00048828125
0.000244140625
0.00048828125
0.00048828125
0.000244140625
0.00048828125
0.000244140625
0.00048828125
0.000732421875
0.000244140625
0.0009765625
0.000244140625
0.00048828125
0.00048828125
0.000244140625
0.000732421875
0.000244140625
0.00048828125
0.00048828125
0.000244140625
0.00048828125
0.000244140625
0.00048828125
0.000244140625
0.000732421875
0.00048828125
0.000244140625
0.00048828125
0.000244140625
0.00048828125
0.00048828125
0.000244140625
0.000732421875
0.00048828125
0.000244140625
0.00048828125
0.00048828125
0.000244140625
0.00048828125
0.000244140625
0.000732421875
0.00048828125
0.00048828125
0.00048828125
0.0009765625
0.00048828125
0.000732421875
0.00048828125
0.00048828125
0.000244140625
0.00048828125
0.00048828125
0.000244140625
0.000732421875
0.00048828125
0.00048828125
0.000244140625
0.00048828125
0.00048828125
0.00048828125
0.000244140625
0.000732421875
0.00048828125
0.000244140625
0.00048828125
0.00048828125
0.000244140625
0.000244140625
0.00048828125
0.00048828125
0.00048828125
0.00048828125
0.00048828125
0.000244140625
0.00048828125
0.00048828125
0.000244140625
0.000732421875
0.00048828125
0.00048828125
0.000244140625
0.00048828125
0.00048828125
0.00048828125
0.000244140625
0.000732421875
0.00048828125
0.000244140625
0.00048828125
0.00048828125
0.0
0.00048828125
0.00048828125
0.00048828125
0.00048828125
0.00048828125
0.00048828125
0.00048828125
0.000244140625
0.00048828125
0.000732421875
0.00048828125
0.000244140625
0.00048828125
0.00048828125
0.00048828125
0.000244140625
0.00048828125
0.000732421875
0.000244140625
0.00048828125
0.00048828125
0.000244140625
0.000244140625
0.00048828125
0.000244140625
0.00048828125
0.000732421875
0.000244140625
0.00048828125
0.00048828125
0.000244140625
0.00048828125
0.00048828125
0.000244140625
0.000732421875
0.00048828125
0.00048828125
1014.2099609375
0.001953125
0.00048828125
0.00048828125
0.00048828125
0.00048828125
0.000244140625
0.00048828125
0.000732421875
0.000244140625
0.00048828125
0.00048828125
0.00048828125
0.000244140625
0.00048828125
0.00048828125
0.0009765625
0.00048828125
0.000244140625
0.00048828125
0.00048828125
0.000244140625
0.000732421875
0.00048828125
0.0009765625
0.000732421875
0.00048828125
0.00048828125
0.00048828125
0.000244140625
0.00048828125
4186.670654296875
0.001953125
0.000244140625
0.00048828125
0.000732421875
0.00048828125
0.00048828125
0.0009765625
0.000732421875
0.00048828125
0.00048828125
0.00048828125
0.00048828125
0.0009765625
0.000244140625
0.00048828125
0.001220703125
0.000732421875
0.00048828125
0.00048828125
0.00048828125
0.00048828125
0.00048828125
0.00048828125
0.000244140625
0.001220703125
0.00048828125
0.00048828125
0.00048828125
0.00048828125
0.00048828125
0.000732421875
0.00048828125
0.00048828125
0.00048828125
0.000732421875
0.00048828125
0.000732421875
0.000732421875
0.00048828125
0.000244140625
0.000244140625
0.00048828125
0.00048828125
0.000732421875
0.00048828125
0.000732421875
0.0009765625
0.000244140625
0.00048828125
0.000732421875
0.000244140625
0.000732421875
0.000244140625
0.00048828125
0.00048828125
0.00048828125
0.0009765625
0.0009765625
0.000244140625
0.000244140625
0.00048828125
0.00048828125
0.000732421875
0.000244140625
0.00048828125
0.00048828125
0.00048828125
0.00048828125
0.000244140625
0.000732421875
0.00048828125
0.00048828125
0.00048828125
0.00048828125
0.00048828125
0.000244140625
0.00048828125
0.000732421875
0.000244140625
0.00048828125
0.000244140625
0.00048828125
0.000244140625
0.00048828125
0.000732421875
0.00048828125
0.000244140625
0.00048828125
0.00048828125
0.00048828125
0.00048828125
0.00048828125
0.00048828125
0.00048828125
0.00048828125
0.00048828125
0.000732421875
0.000244140625
0.00048828125
0.000732421875
0.000244140625
0.00048828125
0.000244140625
0.000244140625
0.00048828125
0.00048828125
0.00048828125
0.000732421875
0.000244140625
0.00048828125
0.00048828125
0.000244140625
0.00048828125
0.00048828125
0.00048828125
0.00048828125
0.00048828125
0.00048828125
0.00048828125
0.000244140625
0.000732421875
0.000244140625
0.000732421875
0.000732421875
0.000244140625
0.00048828125
0.00048828125
0.000244140625
0.000732421875
0.00048828125
0.00048828125
0.00048828125
1996.6865234375
0.001708984375
0.00048828125
0.000244140625
0.000732421875
0.00048828125
0.000244140625
0.00048828125
0.00048828125
0.00048828125
0.00048828125
0.000244140625
0.000732421875
0.000244140625
0.000732421875
0.000244140625
0.000732421875
0.00048828125
0.00048828125
0.000244140625
0.00048828125
0.000732421875
0.00048828125
0.000244140625
0.00048828125
0.0009765625
0.000244140625
0.000244140625
0.000732421875
0.00048828125
0.000244140625
0.00048828125
0.00048828125
0.000244140625
0.00048828125
0.0009765625
0.00048828125
0.00048828125
0.00048828125
0.000244140625
0.00048828125
0.00048828125
0.000244140625
0.000732421875
0.00048828125
0.00048828125
0.000732421875
0.00048828125
0.000244140625
0.000244140625
0.00048828125
0.00048828125
0.00048828125
0.00048828125
0.00048828125
0.00048828125
0.00048828125
0.000732421875
0.001220703125
0.000244140625
0.00048828125
0.00048828125
0.000244140625
0.000732421875
0.000244140625
0.00048828125
0.00048828125
0.000244140625
0.000732421875
0.000244140625
0.000244140625
0.0009765625
0.000732421875
0.00048828125
0.000244140625
0.00048828125
0.000244140625
0.001220703125
0.000244140625
0.00048828125
3397.21728515625
0.001953125
0.000732421875
0.00048828125
0.000732421875
0.00048828125
0.000244140625
0.00048828125
0.000732421875
0.00048828125
0.00048828125
0.00048828125
0.00048828125
0.00048828125
0.00048828125
0.0009765625
0.00048828125
0.00048828125
0.00048828125
0.000244140625
0.000732421875
0.000244140625
0.000732421875
0.00048828125
0.00048828125
0.0009765625
0.00048828125
0.0009765625
0.00048828125
0.00048828125
0.00048828125
0.00048828125
0.000244140625
0.0009765625
0.00048828125
0.0009765625
0.0009765625
0.00048828125
0.000732421875
0.00048828125
0.00048828125
0.000244140625
0.00048828125
0.00048828125
0.00048828125
0.000732421875
0.0009765625
0.000244140625
0.000732421875
0.00048828125
0.000244140625
0.000732421875
0.00048828125
0.00048828125
0.00048828125
0.00048828125
0.00048828125
0.00048828125
0.00146484375
0.0
0.00048828125
0.00048828125
0.00048828125
0.00048828125
0.000732421875
0.00048828125
0.00048828125
0.000732421875
0.00048828125
0.00048828125
0.000732421875
0.000244140625
0.000732421875
0.000244140625
0.00048828125
0.00048828125
0.00048828125
0.000732421875
0.000244140625
0.00048828125
0.000244140625
0.00048828125
0.00048828125
0.00048828125
0.000732421875
0.00048828125
0.00048828125
0.00048828125
0.0009765625
0.00244140625
0.00048828125
0.00048828125
0.000244140625
0.00048828125
0.000732421875
0.000244140625
0.00048828125
0.000244140625
0.000732421875
0.00048828125
0.000244140625
0.000732421875
0.00048828125
0.00048828125
0.00048828125
0.00048828125
0.00048828125
0.00048828125
0.000732421875
0.00048828125
0.000244140625
0.00048828125
0.00048828125
0.00048828125
0.00048828125
0.000732421875
0.000244140625
0.000244140625
0.00048828125
0.00048828125
0.00048828125
0.000244140625
0.00048828125
0.000732421875
0.000244140625
0.00048828125
0.00048828125
0.00048828125
0.000244140625
0.00048828125
0.00048828125
0.000732421875
0.000244140625
0.00048828125
0.00048828125
0.000244140625
0.00048828125
1103.98828125
0.002685546875
0.00048828125
0.000732421875
0.000732421875
0.00048828125
0.000732421875
0.00048828125
0.000732421875
0.00048828125
0.000732421875
0.00048828125
0.00048828125
0.00048828125
0.00048828125
0.000732421875
0.0009765625
0.00048828125
0.00048828125
0.00048828125
0.0009765625
0.00048828125
0.000244140625
0.00048828125
0.00048828125
0.000732421875
0.000244140625
0.000244140625
0.000732421875
0.00048828125
0.00048828125
0.000732421875
0.00048828125
0.0009765625
0.00048828125
0.001220703125
0.00048828125
0.000732421875
0.000244140625
0.0009765625
0.00048828125
0.00048828125
0.00048828125
0.00048828125
0.000244140625
0.000732421875
0.001220703125
0.000732421875
1556.733154296875
0.001708984375
0.00048828125
0.00048828125
0.00048828125
0.00048828125
0.00048828125
0.00146484375
0.00048828125
0.000244140625
0.00048828125
0.000244140625
0.000732421875
0.000244140625
0.00048828125
0.00048828125
0.00048828125
0.00048828125
0.000244140625
0.00048828125
0.000732421875
4768.183349609375
0.001953125
0.00048828125
0.00048828125
0.0009765625
0.00048828125
0.000244140625
0.00048828125
0.0009765625
0.000244140625
0.00048828125
0.00048828125
0.00048828125
0.000244140625
0.00048828125
0.000732421875
0.000732421875
0.00048828125
0.00048828125
0.00048828125
0.00048828125
0.000732421875
0.000244140625
0.00048828125
0.00048828125
0.001220703125
0.00048828125
0.000732421875
0.00048828125
0.00048828125
0.00048828125
0.00048828125
0.000244140625
0.00048828125
0.000732421875
0.0009765625
0.00048828125
0.00048828125
0.000732421875
0.000732421875
0.00048828125
0.00048828125
0.00048828125
0.00048828125
0.00048828125
0.000244140625
0.0009765625
0.00048828125
0.00048828125
0.00048828125
0.000244140625
0.00048828125
0.0009765625
0.000244140625
0.000244140625
0.00048828125
0.00048828125
0.00048828125
0.000732421875
0.00048828125
0.00048828125
0.00048828125
0.00048828125
0.00048828125
0.00048828125
0.000244140625
0.001220703125
0.000244140625
0.00048828125
0.00048828125
0.00048828125
0.00048828125
0.000732421875
0.00048828125
0.00048828125
0.00048828125
0.000244140625
0.00048828125
0.00048828125
0.00048828125
0.000732421875
0.00048828125
0.00048828125
0.000244140625
0.00048828125
0.00048828125
0.00048828125
0.0009765625
0.0009765625
0.00048828125
0.000244140625
0.00048828125
0.00048828125
0.00048828125
0.000244140625
0.00048828125
0.00048828125
0.000244140625
0.00048828125
0.00048828125
0.00048828125
0.00048828125
0.000732421875
0.00048828125
0.00048828125
0.000244140625
0.00048828125
0.00048828125
0.000732421875
0.00048828125
0.00048828125
0.00048828125
0.00048828125
0.000244140625
0.00048828125
0.00048828125
0.000244140625
0.00048828125
0.00048828125
0.00048828125
0.000244140625
0.00048828125
0.00048828125
0.000732421875
0.00048828125
0.00048828125
0.000244140625
0.00048828125
0.00048828125
0.00048828125
0.000732421875
0.000244140625
0.000732421875
0.00048828125
0.000244140625
0.00048828125
0.00048828125
0.000244140625
0.000732421875
0.000244140625
0.00048828125
0.00048828125
0.00048828125
0.000244140625
0.00048828125
0.000732421875
0.000244140625
0.00048828125
0.00048828125
0.00048828125
0.00048828125
0.000244140625
0.00048828125
0.000732421875
0.000244140625
0.00048828125
0.00048828125
0.000244140625
0.00048828125
0.00048828125
0.000244140625
0.00048828125
0.00048828125
0.00048828125
0.000244140625
0.00048828125
0.00048828125
0.000244140625
0.00048828125
0.000732421875
0.00048828125
0.00048828125
0.000244140625
0.00048828125
0.00048828125
0.00048828125
0.000244140625
0.000732421875
0.00048828125
0.000244140625
0.00048828125
0.00048828125
0.00048828125
0.000244140625
0.000732421875
0.000244140625
0.00048828125
0.00048828125
0.000244140625
0.00048828125
0.00048828125
0.000244140625
0.00048828125
0.000732421875
0.000244140625
2016.230712890625
0.001708984375
0.00048828125
0.00048828125
0.00048828125
0.00048828125
0.00048828125
0.000244140625
0.0009765625
0.000244140625
0.00048828125
0.00048828125
0.000244140625
0.00048828125
0.00048828125
0.000244140625
0.000732421875
0.00048828125
0.00048828125
0.0
0.00048828125
0.00048828125
0.000244140625
0.00048828125
0.000732421875
0.00048828125
0.000244140625
0.00048828125
0.00048828125
0.000244140625
0.00048828125
0.00048828125
0.00048828125
0.00048828125
0.00048828125
0.00048828125
0.000244140625
0.0009765625
0.00048828125
0.000732421875
0.000244140625
0.000244140625
0.00048828125
0.000244140625
0.00048828125
0.000244140625
0.0009765625
0.00048828125
0.00048828125
0.000244140625
0.00048828125
0.00048828125
0.000244140625
0.00048828125
0.000732421875
0.00048828125
0.00048828125
0.000244140625
0.000732421875
0.00048828125
0.000244140625
0.000732421875
0.00048828125
0.000244140625
0.000244140625
0.00048828125
0.000244140625
0.00048828125
0.00048828125
0.000244140625
0.000732421875
2917.06787109375
0.0009765625
0.00048828125
0.00048828125
0.00048828125
0.00048828125
0.000244140625
0.00048828125
0.000732421875
0.00048828125
0.000244140625
0.00048828125
0.00048828125
0.000732421875
0.00048828125
0.000244140625
0.00048828125
0.00048828125
0.00048828125
0.000244140625
0.000732421875
0.00048828125
0.00048828125
0.00048828125
0.000244140625
0.000732421875
0.000244140625
0.000244140625
0.000732421875
0.00048828125
0.000244140625
0.00048828125
0.00048828125
0.00048828125
0.000244140625
0.0009765625
0.00048828125
0.00048828125
0.000244140625
0.00048828125
0.00048828125
0.00048828125
0.000244140625
0.000732421875
0.00048828125
0.000244140625
0.00048828125
0.00048828125
0.00048828125
0.0
0.000732421875
0.00048828125
0.000244140625
0.00048828125
0.00048828125
0.00048828125
0.00048828125
0.000244140625
0.001220703125
0.000244140625
1790.892822265625
0.00146484375
0.00048828125
0.00048828125
0.00048828125
0.0009765625
0.00048828125
0.000244140625
0.000732421875
0.00048828125
0.0
0.000732421875
0.00048828125
0.00048828125
0.000244140625
0.00048828125
0.000732421875
0.00048828125
0.000244140625
6566.619384765625
0.001953125
0.00048828125
0.00048828125
0.00048828125
0.000732421875
0.00048828125
0.00048828125
0.000732421875
0.00048828125
0.000244140625
0.000244140625
0.000732421875
0.00048828125
0.00048828125
0.00048828125
0.000732421875
0.000732421875
0.000732421875
0.00048828125
0.00048828125
0.00048828125
0.000244140625
0.00048828125
0.0009765625
0.0009765625
0.00048828125
0.00048828125
0.00048828125
0.000244140625
0.000732421875
0.00048828125
0.00048828125
0.00048828125
0.000732421875
0.000732421875
0.0009765625
0.00048828125
0.00048828125
0.00048828125
0.00048828125
0.00048828125
0.000732421875
0.00048828125
0.00048828125
0.00048828125
0.000732421875
0.00048828125
0.000732421875
0.000732421875
0.00048828125
0.000244140625
0.00048828125
0.00048828125
0.00048828125
0.00048828125
0.00048828125
0.000732421875
0.0009765625
0.00048828125
0.00048828125
0.000732421875
0.00048828125
0.000244140625
0.00048828125
0.00048828125
0.000244140625
0.00048828125
0.00048828125
0.00048828125
0.00048828125
0.00048828125
0.00048828125
0.00048828125
0.00048828125
0.000732421875
0.000244140625
0.00048828125
0.00048828125
0.00048828125
0.000244140625
0.00048828125
0.00048828125
0.000732421875
0.00048828125
0.00048828125
0.000244140625
0.000244140625
0.0009765625
0.000732421875
0.00048828125
0.00048828125
0.000244140625
0.00048828125
0.00048828125
0.00048828125
0.00048828125
0.000732421875
0.00048828125
0.00048828125
0.000244140625
0.00048828125
0.00048828125
0.000244140625
0.000732421875
0.00048828125
0.000732421875
0.000244140625
0.000244140625
0.00048828125
0.00048828125
0.000732421875
0.000244140625
0.00048828125
0.00048828125
0.00048828125
0.00048828125
0.00048828125
0.000244140625
0.000732421875
0.00048828125
0.00048828125
0.00048828125
0.000244140625
0.00048828125
0.00048828125
0.000732421875
0.000244140625
0.00048828125
0.000244140625
0.00048828125
0.00048828125
0.000244140625
0.00048828125
0.000732421875
0.00048828125
0.000244140625
0.00048828125
0.00048828125
0.00048828125
0.00048828125
0.000732421875
0.000244140625
0.00048828125
0.00048828125
0.00048828125
0.000244140625
0.00048828125
0.00048828125
0.000732421875
0.00048828125
0.000244140625
0.000244140625
0.00048828125
0.00048828125
0.00048828125
0.000244140625
0.000732421875
0.00048828125
0.000244140625
0.00048828125
0.00048828125
0.000244140625
0.00048828125
0.00048828125
0.00048828125
0.00048828125
0.00048828125
0.000244140625
0.00048828125
0.00048828125
0.000244140625
0.00048828125
0.001953125
0.00048828125
0.00048828125
0.000244140625
0.000732421875
0.00048828125
0.000244140625
0.00048828125
0.00048828125
0.000244140625
0.00048828125
0.00048828125
0.000732421875
0.000244140625
6715.404541015625
0.00146484375
0.00048828125
0.000244140625
0.000732421875
0.000244140625
0.00048828125
0.00048828125
0.00048828125
0.000244140625
0.00048828125
0.000732421875
0.0009765625
0.000244140625
0.00048828125
0.00048828125
0.000244140625
0.00048828125
0.000732421875
0.000244140625
0.00048828125
0.000244140625
0.00048828125
0.00048828125
0.000244140625
0.00048828125
0.00048828125
0.00048828125
0.000244140625
0.00048828125
0.00048828125
0.000244140625
0.00048828125
0.00048828125
0.00048828125
0.000732421875
0.00048828125
0.00048828125
0.000244140625
0.00048828125
0.00048828125
0.000244140625
0.000732421875
0.000244140625
0.00048828125
0.00048828125
0.000732421875
0.000244140625
0.000244140625
0.000732421875
0.00048828125
0.000244140625
0.00048828125
0.00048828125
0.00048828125
0.000244140625
0.00048828125
0.000732421875
0.0009765625
0.00048828125
0.000244140625
0.00048828125
0.000244140625
0.000732421875
0.00048828125
0.000244140625
0.00048828125
0.00048828125
0.00048828125
0.000244140625
0.000244140625
0.000732421875
0.000732421875
0.00048828125
0.00048828125
0.000244140625
0.00048828125
0.000244140625
0.00048828125
0.000732421875
0.000244140625
0.00048828125
0.00048828125
0.000244140625
0.00048828125
0.00048828125
0.000244140625
0.000732421875
0.0009765625
0.000244140625
0.00048828125
0.000244140625
0.00048828125
0.000244140625
0.000732421875
0.00048828125
0.000244140625
0.00048828125
0.00048828125
0.00048828125
0.000244140625
0.000732421875
0.00048828125
0.000244140625
0.00048828125
0.00048828125
0.00048828125
0.00048828125
0.00048828125
0.00048828125
0.00048828125
0.00048828125
0.000244140625
0.00048828125
0.000244140625
0.000244140625
0.00048828125
0.000732421875
0.000244140625
0.00048828125
0.00048828125
0.00048828125
0.000244140625
0.00048828125
0.000244140625
0.000732421875
0.000732421875
0.00048828125
0.00048828125
0.00048828125
0.000244140625
0.00048828125
0.00048828125
0.00048828125
0.00048828125
0.00048828125
0.000244140625
0.000244140625
0.00048828125
0.000244140625
0.000732421875
0.00048828125
0.000244140625
0.00048828125
0.00048828125
0.000244140625
0.00048828125
0.00048828125
0.000732421875
0.00048828125
0.000244140625
0.00048828125
0.00048828125
0.000244140625
0.00048828125
0.00048828125
0.00048828125
0.00048828125
0.000244140625
0.00048828125
0.000244140625
0.00048828125
0.000244140625
0.00048828125
0.000732421875
0.00048828125
0.000244140625
0.00048828125
0.00048828125
0.000244140625
0.00048828125
0.00048828125
0.00048828125
0.00048828125
0.00048828125
0.00048828125
0.00048828125
0.000244140625
0.00048828125
0.00048828125
0.00048828125
0.00048828125
0.00048828125
0.000244140625
0.00048828125
0.000244140625
0.00048828125
0.000732421875
0.00048828125
0.000244140625
0.00048828125
0.00048828125
0.00048828125
0.000244140625
0.00048828125
0.000732421875
0.00048828125
0.00048828125
0.00048828125
0.00048828125
0.000244140625
0.00048828125
0.00048828125
0.00048828125
0.00048828125
0.000244140625
0.000244140625
0.00048828125
0.000244140625
0.00048828125
0.00048828125
0.00048828125
0.00048828125
0.00048828125
0.000244140625
0.00048828125
0.000244140625
0.00048828125
0.00048828125
0.000244140625
0.000732421875
0.00048828125
0.00048828125
0.000244140625
0.00048828125
0.00048828125
0.000244140625
0.000732421875
0.00048828125
0.000244140625
0.000244140625
706.8935546875
0.00146484375
0.00048828125
0.000244140625
0.000732421875
0.000244140625
0.00048828125
0.000732421875
0.00048828125
0.000244140625
0.000244140625
0.00048828125
0.00048828125
3860.6845703125
0.00146484375
0.000244140625
0.000732421875
0.00048828125
0.00048828125
0.00048828125
0.00048828125
0.000732421875
0.000732421875
0.000732421875
0.00048828125
0.000244140625
0.00048828125
0.00048828125
0.00048828125
0.00146484375
0.00048828125
0.00048828125
0.00048828125
0.000244140625
0.00048828125
0.000732421875
0.00048828125
0.00048828125
0.000732421875
0.000732421875
0.000244140625
0.000732421875
0.000732421875
0.00048828125
0.00048828125
0.000244140625
0.000732421875
0.0009765625
0.000732421875
0.00048828125
0.000244140625
0.00048828125
0.00048828125
0.000732421875
0.00048828125
0.00048828125
0.00048828125
0.00048828125
0.00048828125
0.001220703125
0.00048828125
0.000244140625
0.00048828125
0.00048828125
0.00048828125
0.000244140625
0.000732421875
0.000732421875
0.000244140625
0.00048828125
0.000244140625
0.0009765625
0.000732421875
0.000244140625
0.00048828125
0.00048828125
0.00048828125
0.00048828125
0.00048828125
0.00048828125
0.000732421875
0.000244140625
0.00048828125
0.00048828125
0.00048828125
0.000732421875
0.0009765625
0.000244140625
0.00048828125
0.00048828125
0.000244140625
0.000732421875
0.00048828125
0.00048828125
0.00048828125
0.00048828125
0.00048828125
0.000244140625
0.00048828125
0.00048828125
0.000732421875
0.001708984375
0.00048828125
0.000244140625
0.00048828125
0.0009765625
0.000244140625
0.00048828125
0.000244140625
0.00048828125
0.00048828125
0.00048828125
0.000732421875
0.00048828125
0.00048828125
0.000244140625
0.00048828125
0.00048828125
0.000244140625
0.0009765625
0.00048828125
0.00048828125
0.000244140625
0.00048828125
0.00048828125
0.00048828125
0.000732421875
0.00048828125
0.000244140625
0.000244140625
0.00048828125
0.00048828125
0.000244140625
0.00048828125
0.000732421875
0.00048828125
0.00048828125
0.00048828125
0.00048828125
0.00048828125
0.000244140625
0.00048828125
0.000732421875
0.000244140625
0.00048828125
0.00048828125
0.000244140625
0.00048828125
0.00048828125
0.000732421875
0.000244140625
0.00048828125
0.000244140625
0.000244140625
0.00048828125
0.00048828125
0.00048828125
0.000244140625
0.000732421875
0.000244140625
0.00048828125
0.00048828125
0.00048828125
0.00048828125
0.00048828125
1628.258056640625
0.001708984375
0.000244140625
0.000244140625
0.0009765625
0.000244140625
0.00048828125
0.000244140625
0.000732421875
0.000244140625
0.00048828125
0.001220703125
0.000244140625
0.00048828125
0.00048828125
0.000244140625
0.000732421875
0.000244140625
0.00048828125
0.000732421875
0.000244140625
0.00048828125
0.00048828125
0.000244140625
0.000244140625
0.00048828125
0.000732421875
0.00048828125
0.000244140625
0.00048828125
0.00048828125
0.000244140625
0.00048828125
0.000244140625
0.00048828125
0.0009765625
0.00048828125
0.00048828125
0.000244140625
0.00048828125
0.00048828125
0.000732421875
0.000244140625
0.00048828125
0.000732421875
0.000244140625
0.0009765625
0.000244140625
0.000732421875
845.508544921875
0.001708984375
0.00048828125
0.000732421875
0.00048828125
0.00048828125
0.00048828125
0.000244140625
0.00048828125
0.00048828125
4238.973876953125
0.001708984375
0.00048828125
0.00048828125
0.000732421875
0.00048828125
0.00048828125
0.00048828125
0.00048828125
0.00048828125
0.000732421875
0.00048828125
0.00048828125
0.000244140625
0.00048828125
0.00048828125
0.001220703125
0.00048828125
0.000244140625
0.00048828125
0.00048828125
0.000244140625
0.00048828125
0.00048828125
0.00048828125
0.0009765625
0.00048828125
0.00048828125
0.00048828125
0.000244140625
0.000732421875
0.00048828125
0.00048828125
0.00048828125
0.000244140625
0.0009765625
0.000732421875
0.00048828125
0.00048828125
0.000732421875
0.000244140625
0.00048828125
0.00048828125
0.00048828125
0.000732421875
0.00048828125
0.000732421875
0.00048828125
0.000244140625
0.000732421875
0.00048828125
0.00048828125
0.00048828125
0.00048828125
0.00048828125
0.00048828125
0.000732421875
0.00048828125
0.0009765625
0.00048828125
0.00048828125
0.000244140625
0.000732421875
0.00048828125
0.00048828125
0.00048828125
0.000244140625
0.00048828125
0.00048828125
0.000732421875
0.00048828125
0.00048828125
0.000732421875
0.00048828125
0.000244140625
0.00048828125
0.000732421875
0.00048828125
0.00048828125
0.00048828125
0.000244140625
0.00048828125
0.000244140625
0.000732421875
0.00048828125
0.00048828125
0.00048828125
0.00048828125
0.0009765625
0.000732421875
0.000244140625
0.00048828125
0.00048828125
0.00048828125
0.000244140625
0.00048828125
0.00048828125
0.000732421875
0.00048828125
0.000244140625
0.00048828125
0.00048828125
0.000244140625
0.000244140625
0.00048828125
0.00048828125
0.000732421875
0.000244140625
0.00048828125
0.00048828125
0.000244140625
0.00048828125
0.000732421875
0.000244140625
0.00048828125
0.00048828125
0.000244140625
0.00048828125
0.00048828125
0.00048828125
0.000732421875
0.000244140625
0.00048828125
0.00048828125
0.00048828125
0.0
927.997802734375
0.001220703125
0.000732421875
0.00048828125
0.0009765625
0.00048828125
0.00048828125
0.000732421875
0.0009765625
0.000244140625
0.0009765625
0.00048828125
0.00048828125
0.00048828125
0.00048828125
0.00048828125
0.00146484375
0.000244140625
0.00048828125
0.00048828125
0.00048828125
0.000244140625
0.0009765625
0.00048828125
0.00048828125
0.0009765625
0.00048828125
0.0009765625
0.00048828125
0.00048828125
0.00048828125
0.00048828125
1516.92919921875
0.00146484375
0.000244140625
0.00048828125
0.000732421875
0.00048828125
0.00048828125
0.000244140625
0.00048828125
0.00048828125
0.00048828125
0.000244140625
0.000732421875
0.00048828125
0.000244140625
0.00048828125
0.00048828125
0.00048828125
0.00048828125
0.000244140625
0.00048828125
0.000244140625
0.00048828125
0.00048828125
0.000244140625
0.000732421875
0.000244140625
0.000732421875
0.00048828125
0.0009765625
0.00048828125
0.00048828125
0.00048828125
0.000732421875
0.000244140625
0.00048828125
0.00048828125
0.00048828125
0.00048828125
0.000244140625
0.00048828125
0.00048828125
0.000244140625
0.00048828125
0.00048828125
0.00048828125
0.00048828125
0.00048828125
0.000732421875
0.000732421875
0.00048828125
0.00048828125
0.000244140625
0.00048828125
0.00048828125
0.000244140625
0.000732421875
0.00048828125
0.001220703125
0.00048828125
0.000244140625
0.00048828125
0.00048828125
0.000244140625
0.00048828125
0.00048828125
0.00048828125
0.000244140625
0.00048828125
0.000732421875
0.000244140625
0.00048828125
0.00048828125
0.00048828125
0.00048828125
0.000244140625
0.00048828125
0.000732421875
0.000244140625
0.00048828125
0.000244140625
0.00048828125
0.00048828125
0.000244140625
0.00048828125
0.00048828125
0.000244140625
0.00048828125
0.0009765625
0.00048828125
0.00048828125
0.000244140625
0.000732421875
0.00048828125
0.00048828125
0.000244140625
0.00048828125
0.00048828125
0.00048828125
0.000244140625
0.000732421875
0.00048828125
0.000244140625
0.00048828125
0.00048828125
0.00048828125
0.000244140625
0.000732421875
0.00048828125
0.000244140625
0.00048828125
2297.89453125
0.00146484375
0.00048828125
0.00048828125
0.00048828125
0.000732421875
0.00048828125
0.00048828125
0.000244140625
0.00048828125
0.00048828125
0.000244140625
0.000732421875
0.000244140625
0.00048828125
0.00048828125
0.00048828125
0.00048828125
0.000244140625
0.00048828125
0.000732421875
0.000244140625
0.00048828125
0.00048828125
0.00048828125
0.00048828125
0.00048828125
0.000732421875
0.00048828125
0.00048828125
0.000244140625
0.00048828125
0.00048828125
0.0
0.0009765625
0.00048828125
0.00048828125
0.00048828125
0.00048828125
0.000244140625
0.00048828125
0.000732421875
0.00048828125
0.000244140625
0.00048828125
0.00048828125
0.00048828125
0.00048828125
0.000244140625
0.000732421875
0.00048828125
0.000244140625
0.00048828125
0.00048828125
0.000244140625
0.000244140625
0.00048828125
10622.142333984375
0.00146484375
0.000732421875
0.00048828125
0.00048828125
0.000244140625
0.00048828125
0.00048828125
0.00048828125
0.000732421875
0.000244140625
0.00048828125
0.000244140625
0.00048828125
0.00048828125
0.000244140625
0.00048828125
0.00048828125
0.00048828125
0.000244140625
0.00048828125
0.00048828125
0.000244140625
0.00048828125
0.00048828125
0.000732421875
0.000244140625
0.00048828125
0.00048828125
0.000244140625
0.00048828125
0.000244140625
0.00048828125
0.00048828125
0.00048828125
0.000732421875
0.00048828125
0.000244140625
0.00048828125
0.00048828125
0.000244140625
0.00048828125
0.00048828125
0.000244140625
0.00048828125
0.000244140625
0.001220703125
0.000244140625
0.000732421875
0.000244140625
0.00048828125
0.000244140625
0.00048828125
0.00048828125
0.000244140625
0.00048828125
0.00048828125
0.000732421875
0.00048828125
0.00048828125
0.00048828125
0.000244140625
0.00048828125
0.000244140625
0.00048828125
0.00048828125
0.000244140625
0.00048828125
0.00048828125
0.000244140625
0.00048828125
0.00048828125
0.000732421875
0.00048828125
0.00048828125
0.000244140625
0.00048828125
0.000244140625
0.00048828125
0.00048828125
0.00048828125
0.00048828125
0.00048828125
0.00048828125
0.000244140625
0.00048828125
0.000244140625
0.000244140625
0.001220703125
0.00048828125
0.000244140625
0.00048828125
0.00048828125
0.000244140625
0.00048828125
0.00048828125
0.00048828125
0.00048828125
0.00048828125
0.000244140625
0.00048828125
0.00048828125
0.00048828125
0.00048828125
0.00048828125
0.000244140625
0.000732421875
0.00048828125
0.000244140625
0.000244140625
0.000732421875
0.00048828125
0.000244140625
0.00048828125
0.00048828125
0.000244140625
0.00048828125
0.00048828125
0.000244140625
0.000732421875
0.00048828125
0.00048828125
0.000244140625
0.00048828125
0.00048828125
0.000732421875
0.000732421875
0.00048828125
0.00048828125
0.000244140625
0.000244140625
0.00048828125
0.00048828125
0.00048828125
0.00048828125
0.000244140625
0.00048828125
0.00048828125
0.000244140625
0.00048828125
0.00048828125
0.000732421875
0.000244140625
0.00048828125
0.000244140625
0.00048828125
0.00048828125
0.000244140625
0.00048828125
0.000732421875
0.00048828125
0.00048828125
0.00048828125
0.000244140625
0.000244140625
0.011474609375
0.000732421875
0.00048828125
0.000244140625
0.00048828125
0.00048828125
0.00048828125
0.000244140625
0.000732421875
0.000244140625
0.00048828125
0.00048828125
0.000244140625
0.00048828125
0.00048828125
0.000244140625
0.00048828125
0.000732421875
0.00048828125
0.000244140625
0.000244140625
0.00048828125
0.000244140625
0.00048828125
0.000732421875
0.00048828125
0.000244140625
0.00048828125
0.000244140625
0.00048828125
0.00048828125
0.000244140625
0.00048828125
0.000732421875
0.00048828125
0.000244140625
0.00048828125
0.00048828125
0.00048828125
0.000244140625
0.000732421875
0.00048828125
0.000244140625
0.000244140625
0.000244140625
0.00048828125
0.000732421875
0.00048828125
0.000732421875
0.000244140625
0.00048828125
0.00048828125
0.000244140625
0.00048828125
0.00048828125
0.000244140625
0.000732421875
0.00048828125
0.000244140625
0.00048828125
0.000244140625
0.00048828125
0.00048828125
0.000244140625
0.000732421875
0.00048828125
0.0
0.00048828125
0.00048828125
0.000244140625
0.00048828125
0.000244140625
0.00048828125
0.000732421875
0.000244140625
0.00048828125
0.00048828125
0.000244140625
0.00048828125
0.00048828125
0.000732421875
0.000244140625
0.00048828125
0.00048828125
0.000244140625
0.00048828125
0.000244140625
0.00048828125
0.00048828125
0.00048828125
0.000244140625
0.00048828125
0.000244140625
0.00048828125
0.00048828125
0.000244140625
0.00048828125
0.00048828125
0.00048828125
0.00048828125
0.000244140625
0.00048828125
0.00048828125
0.00048828125
0.00048828125
0.000732421875
0.000244140625
0.00048828125
0.00048828125
0.00048828125
0.00048828125
0.00048828125
0.000732421875
0.000244140625
0.00048828125
0.000244140625
0.000732421875
0.000244140625
0.00048828125
0.000732421875
0.000244140625
0.00048828125
0.00048828125
0.00048828125
0.00048828125
0.000244140625
0.00048828125
0.000732421875
0.00048828125
0.00048828125
0.00048828125
0.000244140625
0.00048828125
0.00048828125
0.000732421875
0.000244140625
0.000244140625
0.00048828125
0.00048828125
0.000244140625
0.00048828125
0.00048828125
0.000732421875
0.000244140625
0.00048828125
0.00048828125
0.00048828125
0.000244140625
0.00048828125
0.000244140625
2099.80712890625
0.001953125
0.00048828125
0.000244140625
0.000732421875
0.000244140625
0.00048828125
0.00048828125
0.000732421875
0.00048828125
0.000244140625
0.00048828125
0.000244140625
0.00048828125
0.00048828125
0.00048828125
0.000732421875
0.000244140625
0.000244140625
0.00048828125
0.000244140625
0.00048828125
0.00048828125
0.00048828125
0.00048828125
0.000732421875
0.00048828125
0.000244140625
0.00048828125
0.000244140625
0.000732421875
0.00048828125
0.00048828125
0.000244140625
0.00048828125
0.001220703125
0.000732421875
0.00048828125
0.000244140625
0.000244140625
0.00048828125
0.000244140625
0.00048828125
0.00048828125
0.00048828125
0.00048828125
0.0009765625
0.00048828125
0.00048828125
0.000244140625
0.00048828125
0.000732421875
0.00048828125
0.000244140625
0.00048828125
0.00048828125
0.00048828125
0.000244140625
3746.7138671875
0.001708984375
0.00048828125
0.0
0.000732421875
0.000244140625
0.00048828125
0.000732421875
0.000732421875
0.000244140625
0.00048828125
0.00048828125
0.00048828125
0.000732421875
0.000732421875
0.00048828125
0.00048828125
0.00048828125
0.000732421875
0.00048828125
0.000732421875
0.00048828125
0.000244140625
0.00048828125
0.00048828125
0.000732421875
0.000732421875
0.00048828125
0.000244140625
0.00048828125
0.00048828125
0.000244140625
0.00048828125
0.00048828125
0.00048828125
0.00048828125
0.00048828125
0.00048828125
0.00048828125
0.000244140625
0.00048828125
0.00048828125
0.00048828125
0.00048828125
0.000244140625
0.000244140625
0.000732421875
0.000244140625
0.00048828125
0.000732421875
0.000244140625
0.00048828125
0.00048828125
0.00048828125
0.000244140625
0.00048828125
0.00048828125
0.000732421875
0.000732421875
0.000732421875
0.000244140625
0.00048828125
0.00048828125
0.00048828125
0.00048828125
0.00537109375
0.00048828125
0.000244140625
0.000732421875
0.00048828125
0.00048828125
0.000244140625
0.00048828125
0.00048828125
0.00048828125
0.000244140625
0.00048828125
0.00048828125
0.000244140625
0.00048828125
0.00048828125
0.000244140625
0.00048828125
0.00048828125
0.00048828125
0.00048828125
0.00048828125
0.00048828125
0.000732421875
0.000244140625
0.00048828125
0.000732421875
0.00048828125
0.000244140625
0.00048828125
0.00048828125
0.000244140625
0.00048828125
0.00048828125
0.00048828125
0.00048828125
0.000244140625
0.00048828125
0.00048828125
0.000732421875
0.00048828125
0.000732421875
0.00048828125
0.000244140625
0.00048828125
0.00048828125
0.000244140625
0.00048828125
0.000732421875
0.000244140625
0.00048828125
0.00048828125
0.000244140625
0.00048828125
0.00048828125
0.000244140625
0.00048828125
0.00048828125
0.000244140625
0.00048828125
0.000244140625
0.00048828125
0.00048828125
0.00048828125
0.000244140625
0.000732421875
0.00048828125
0.000244140625
0.00048828125
0.000244140625
0.00048828125
0.00048828125
0.000244140625
0.000732421875
0.00048828125
0.000244140625
0.00048828125
0.00048828125
0.000244140625
0.00048828125
0.000244140625
0.00048828125
0.00048828125
0.00048828125
0.00048828125
0.00048828125
0.000244140625
0.00048828125
0.00048828125
642.017578125
0.002197265625
0.00048828125
0.000244140625
0.000732421875
0.000732421875
0.00048828125
0.00048828125
0.000732421875
0.00048828125
0.000732421875
0.000244140625
0.000732421875
0.00048828125
0.00048828125
0.000244140625
0.0009765625
524.248779296875
0.0009765625
0.0009765625
0.00048828125
0.000732421875
0.00048828125
0.00048828125
0.000732421875
1683.774658203125
0.001708984375
0.00048828125
0.00048828125
0.001220703125
0.00048828125
0.00048828125
0.00048828125
0.000732421875
0.00048828125
0.00048828125
0.000732421875
0.00048828125
0.00048828125
0.00048828125
0.00048828125
0.00146484375
0.00048828125
0.000732421875
0.00048828125
0.000244140625
0.0009765625
0.000244140625
0.00048828125
0.00048828125
0.0009765625
0.00048828125
0.00048828125
0.000244140625
0.00048828125
0.00048828125
0.00048828125
0.00048828125
0.00048828125
0.000244140625
0.00146484375
689.0224609375
0.00146484375
0.00048828125
0.00048828125
0.00048828125
0.000244140625
0.000732421875
0.00048828125
0.000732421875
0.00048828125
0.00048828125
0.00048828125
0.000732421875
0.00048828125
0.000244140625
0.00048828125
0.000732421875
0.000244140625
0.00048828125
0.00048828125
0.00048828125
0.00048828125
0.00048828125
0.00048828125
0.00048828125
0.00048828125
0.000732421875
0.00048828125
0.000244140625
0.00048828125
0.00048828125
0.00048828125
0.000244140625
0.00048828125
0.0009765625
0.0009765625
0.000244140625
0.00048828125
0.000244140625
0.00048828125
0.000732421875
0.000244140625
0.00048828125
0.00048828125
0.00048828125
0.000244140625
0.000732421875
0.000732421875
2535.212890625
0.00146484375
0.00048828125
0.00048828125
0.00048828125
0.00048828125
0.00048828125
0.00048828125
0.00048828125
0.00048828125
0.000244140625
0.000732421875
0.00048828125
0.000244140625
0.00048828125
0.00048828125
0.00048828125
0.00048828125
0.000244140625
0.00048828125
0.00048828125
0.000244140625
0.00048828125
0.00048828125
0.00048828125
0.00048828125
0.00048828125
0.00048828125
0.00048828125
0.000244140625
0.00048828125
0.00048828125
0.00048828125
0.000244140625
0.000732421875
0.00048828125
0.00048828125
0.00048828125
0.000244140625
0.00048828125
0.00048828125
0.00048828125
0.000244140625
0.00048828125
0.00048828125
0.000244140625
0.0009765625
0.00048828125
0.000732421875
0.000244140625
0.00048828125
0.00048828125
0.000244140625
0.00048828125
0.00048828125
0.00048828125
0.000732421875
0.000244140625
0.000732421875
0.00048828125
974.646240234375
0.002197265625
0.000732421875
0.00048828125
0.000732421875
0.00048828125
0.000244140625
0.00048828125
0.000732421875
0.00048828125
0.00048828125
0.000732421875
0.00048828125
7310.9208984375
0.001708984375
0.000244140625
0.00048828125
0.00048828125
0.00048828125
0.00048828125
0.000244140625
0.000732421875
0.00048828125
0.000244140625
0.00048828125
0.00048828125
0.000244140625
0.00048828125
0.00048828125
0.0009765625
0.000244140625
0.000244140625
0.000244140625
0.00048828125
0.00048828125
0.00048828125
0.000244140625
0.000732421875
0.0009765625
0.000244140625
0.007080078125
0.000244140625
0.00048828125
0.00048828125
0.00048828125
0.00048828125
0.00048828125
0.000244140625
0.0009765625
0.000244140625
0.00048828125
0.000732421875
0.00048828125
0.000244140625
0.00048828125
0.00048828125
0.000244140625
0.00048828125
0.00048828125
0.0009765625
0.000244140625
0.00048828125
0.000244140625
0.00048828125
0.000244140625
0.00048828125
0.000732421875
0.00048828125
0.00048828125
0.000244140625
0.00048828125
0.0009765625
0.00048828125
0.000732421875
0.000244140625
0.00048828125
0.00048828125
0.00048828125
0.000244140625
0.00048828125
0.000732421875
0.0
0.00048828125
0.00048828125
0.000244140625
0.00048828125
0.00048828125
0.00048828125
0.000244140625
0.000732421875
0.00048828125
0.00048828125
0.000244140625
0.00048828125
0.00048828125
0.000244140625
0.000732421875
0.00048828125
0.00048828125
0.00048828125
0.000244140625
0.001220703125
0.00048828125
0.00048828125
0.000244140625
0.00048828125
0.00048828125
0.00048828125
0.000732421875
0.00048828125
0.00048828125
0.00048828125
0.000244140625
0.00048828125
0.00048828125
0.00048828125
0.00048828125
0.000732421875
0.000244140625
0.000732421875
0.00048828125
0.000244140625
0.00048828125
0.00048828125
0.000244140625
0.00048828125
0.00048828125
0.000244140625
0.00048828125
0.00048828125
0.000244140625
0.00048828125
0.000732421875
0.00048828125
0.000244140625
0.00048828125
0.00048828125
0.000244140625
0.00048828125
0.00048828125
0.000732421875
0.000244140625
0.00048828125
0.00048828125
0.00048828125
0.000732421875
0.000244140625
0.00048828125
0.00048828125
0.00048828125
0.000244140625
0.00048828125
0.00048828125
0.00048828125
0.00048828125
0.00048828125
0.00048828125
0.00048828125
0.00048828125
0.00048828125
0.00048828125
0.00048828125
0.000732421875
0.00048828125
0.000244140625
0.00048828125
0.00048828125
0.00048828125
0.000244140625
0.000244140625
0.000732421875
0.00048828125
0.000244140625
0.00048828125
0.00048828125
0.000244140625
0.00048828125
0.000732421875
0.000244140625
0.00048828125
0.000244140625
0.00048828125
0.00048828125
0.000244140625
0.00048828125
0.00048828125
0.0009765625
0.000244140625
0.00048828125
0.00048828125
0.000244140625
0.00048828125
0.000244140625
0.000244140625
0.000732421875
0.000732421875
0.00048828125
3636.260009765625
0.001708984375
0.00048828125
0.00048828125
0.00048828125
0.00048828125
0.000244140625
0.000732421875
0.00048828125
0.00048828125
0.00048828125
0.000244140625
0.00048828125
0.00048828125
0.000244140625
0.000732421875
0.00048828125
0.000244140625
0.00048828125
0.00048828125
0.000244140625
0.00048828125
0.000732421875
0.00048828125
0.00048828125
0.001220703125
0.00048828125
0.00048828125
0.00048828125
0.00048828125
0.00048828125
0.00048828125
0.00048828125
0.000244140625
0.00048828125
0.0009765625
0.00048828125
0.000244140625
0.00048828125
0.00048828125
0.00048828125
0.000244140625
0.000732421875
0.00048828125
0.000732421875
0.000244140625
0.0009765625
0.00048828125
0.00048828125
0.00048828125
0.00048828125
0.000244140625
0.00048828125
0.00048828125
0.00048828125
0.00048828125
0.00048828125
0.000244140625
0.0009765625
0.000244140625
0.00048828125
0.00048828125
0.00048828125
0.00048828125
0.00048828125
0.00048828125
0.000244140625
0.00048828125
0.00048828125
0.000244140625
0.00048828125
0.000732421875
0.000732421875
0.000244140625
0.00048828125
0.000732421875
0.000244140625
0.00048828125
0.00048828125
0.000244140625
0.00048828125
0.00048828125
0.00048828125
0.00048828125
0.00048828125
0.00048828125
0.00048828125
0.00048828125
0.0009765625
0.00048828125
0.00048828125
0.000244140625
0.000732421875
0.00048828125
0.000244140625
0.00048828125
0.00048828125
0.00048828125
0.00048828125
0.00048828125
0.00048828125
0.00048828125
0.00048828125
0.000244140625
0.00048828125
0.00048828125
0.0009765625
0.000244140625
0.00048828125
0.00048828125
0.000244140625
0.00048828125
0.00048828125
0.000244140625
0.000732421875
0.00048828125
0.00048828125
0.000244140625
0.00048828125
0.00048828125
0.000244140625
0.000244140625
0.000732421875
0.00048828125
0.000244140625
0.00048828125
0.00048828125
0.00048828125
0.000244140625
0.00048828125
0.000732421875
0.000244140625
0.00048828125
0.00048828125
0.00048828125
0.000244140625
0.00048828125
0.000732421875
0.00048828125
0.00048828125
0.000244140625
0.00048828125
0.00048828125
0.000244140625
0.000244140625
0.000244140625
0.000732421875
0.00048828125
0.00048828125
0.00048828125
0.000244140625
0.00048828125
0.00048828125
0.00048828125
0.00048828125
0.00048828125
0.000244140625
0.00048828125
0.00048828125
0.00048828125
0.000244140625
0.000732421875
0.00048828125
0.00048828125
0.000244140625
0.00048828125
0.00048828125
0.0
0.00048828125
0.000732421875
0.000244140625
0.00048828125
0.00048828125
0.000244140625
0.00048828125
0.00048828125
0.00048828125
0.00048828125
0.00048828125
0.00048828125
0.000244140625
0.00048828125
0.00048828125
0.00048828125
0.000244140625
0.000732421875
0.00048828125
0.00048828125
0.000244140625
0.00048828125
0.000244140625
0.000244140625
1164.757568359375
0.001708984375
0.00048828125
0.000244140625
0.000732421875
0.000244140625
0.00048828125
0.000732421875
0.00048828125
0.000244140625
0.00048828125
0.00048828125
0.000244140625
0.000244140625
0.000732421875
0.00048828125
0.00048828125
0.00048828125
0.000244140625
0.00048828125
0.00048828125
0.00048828125
0.00048828125
0.00048828125
0.00048828125
0.00048828125
0.00048828125
0.000244140625
0.00048828125
0.00048828125
0.000732421875
0.00048828125
0.000244140625
0.00048828125
0.000244140625
0.00048828125
0.00048828125
0.000732421875
0.000244140625
0.00048828125
0.00048828125
0.00048828125
0.000244140625
0.00048828125
5987.671875
0.00146484375
0.00048828125
0.00048828125
0.00048828125
0.00048828125
0.00048828125
0.000244140625
0.00048828125
0.00048828125
0.00048828125
0.000244140625
0.00048828125
0.00048828125
0.0009765625
0.000732421875
0.00048828125
0.000244140625
0.00048828125
0.00048828125
0.000244140625
0.00048828125
0.00048828125
0.00048828125
0.00048828125
0.00048828125
0.00048828125
0.00048828125
0.00048828125
0.00048828125
0.00048828125
0.000244140625
0.000244140625
0.00048828125
0.00048828125
0.0009765625
0.000244140625
0.000732421875
0.00048828125
0.000244140625
0.00048828125
0.00048828125
0.000732421875
0.00048828125
0.000244140625
0.000732421875
0.0009765625
0.000244140625
0.00048828125
0.000244140625
0.000732421875
0.000244140625
0.00048828125
0.00048828125
0.000244140625
0.00048828125
0.00048828125
0.000244140625
0.000732421875
0.000732421875
0.000244140625
0.00048828125
0.00048828125
0.000244140625
0.00048828125
0.000244140625
0.00048828125
0.000732421875
0.00048828125
0.000244140625
0.00048828125
0.00048828125
0.00048828125
0.000244140625
0.000244140625
0.000732421875
0.000244140625
0.00048828125
0.00048828125
0.000244140625
0.00048828125
0.00048828125
0.000244140625
0.000732421875
0.000244140625
0.00048828125
0.00048828125
0.000244140625
0.001220703125
0.000732421875
0.00048828125
0.000244140625
1153.4765625
0.001708984375
0.00048828125
0.00048828125
0.00048828125
0.00048828125
0.000732421875
0.000244140625
0.00048828125
0.00048828125
0.00048828125
0.00048828125
0.00048828125
0.000732421875
0.00048828125
0.000244140625
0.00048828125
0.000244140625
0.000732421875
0.000244140625
0.00048828125
0.000732421875
0.00048828125
0.00048828125
0.00048828125
0.00048828125
0.00048828125
0.000732421875
0.00048828125
0.00048828125
0.00048828125
0.00048828125
0.000732421875
0.000244140625
0.000732421875
0.000244140625
0.00048828125
0.00048828125
0.00048828125
0.00048828125
0.00048828125
0.000732421875
0.000244140625
0.00048828125
0.00048828125
0.00048828125
0.000732421875
0.00048828125
0.000732421875
0.000244140625
0.00048828125
0.00048828125
0.00048828125
0.000244140625
0.00048828125
0.000732421875
0.000244140625
0.000244140625
0.0009765625
0.00048828125
0.00048828125
0.00048828125
0.000732421875
0.000244140625
0.000732421875
0.000244140625
0.00048828125
0.00048828125
0.000244140625
0.00048828125
0.000732421875
0.00048828125
0.000732421875
0.00048828125
0.00048828125
0.00048828125
0.00048828125
0.000244140625
0.00048828125
0.00048828125
0.00048828125
0.00048828125
0.00048828125
0.000244140625
0.000732421875
0.00048828125
0.00048828125
0.000244140625
0.001220703125
0.000244140625
0.000732421875
0.00048828125
0.00048828125
0.00048828125
0.00048828125
0.000244140625
0.0009765625
0.00048828125
0.00048828125
0.000244140625
0.00048828125
0.00048828125
0.00048828125
0.000244140625
0.000732421875
3075.956298828125
0.001953125
0.000732421875
0.000732421875
0.000732421875
0.00048828125
0.000732421875
0.00048828125
0.00048828125
0.00048828125
0.00048828125
0.00048828125
0.000244140625
0.00048828125
0.00048828125
0.000244140625
0.0009765625
0.00048828125
0.000244140625
0.00048828125
0.000732421875
0.00048828125
0.00048828125
0.000244140625
0.00048828125
0.00048828125
0.00048828125
0.000732421875
0.00048828125
0.00048828125
0.00048828125
0.000244140625
0.00048828125
0.000244140625
0.000244140625
0.001220703125
0.000732421875
0.00048828125
0.000244140625
0.00048828125
0.000244140625
0.000732421875
