BALANCES f:0  e:32.0  z:47.0  p:0  a:51.0  o:14.0  n:0.0  t:130.0  g:33.0  y:0  l:0  q:0  d:0  i:0  b:32.0  h:0  j:0  c:2.0  s:0  v:0  u:97.0  x:51.0  k:0  m:42.0  r:21.0  w:0 

BANDWIDTH: 
0
11672
9163
25897
212
13852
13503
23046
9116
10530
216
35042
14601
30074
617
0
0
193
56900
91426
37524
3898
52807
5626
17711
83976
61120
63277
55013
0
27932
120937
11451
15097
0
47584
36898
71974
15662
14243
47994
625
0
0
0
0
0
0
0
0
0
0
0
345426
3291
0
0
53980
101631
26579
28442
0
0
0
0
133726
1724
34808
15551
18838
65591
0
0
212
0
0
0
0
99465
74541
0
193
0
69153
30941
12914


DELAY: 
0.0029296875
0.000244140625
0.00048828125
0.00048828125
0.00048828125
0.00048828125
0.00048828125
0.0009765625
0.00048828125
0.00048828125
0.000244140625
0.000732421875
0.000244140625
0.000732421875
0.000732421875
0.000732421875
0.00048828125
0.00048828125
0.00048828125
0.000732421875
0.000244140625
0.00048828125
0.00048828125
0.000244140625
0.000732421875
0.006103515625
0.00048828125
0.00048828125
0.000244140625
0.00048828125
0.00048828125
0.00048828125
0.000244140625
0.00048828125
0.001220703125
0.0009765625
0.00048828125
0.00048828125
0.00048828125
0.00048828125
0.00048828125
0.000732421875
0.00048828125
0.00048828125
0.00048828125
0.000732421875
0.000732421875
0.000244140625
0.00048828125
0.00048828125
0.00048828125
0.00048828125
0.00048828125
0.000244140625
0.00048828125
0.000732421875
0.00048828125
0.00146484375
0.00048828125
0.00048828125
0.000732421875
0.000244140625
0.00048828125
0.00048828125
0.000244140625
0.00048828125
0.00048828125
0.000244140625
0.000732421875
0.00048828125
0.00048828125
0.0009765625
0.001220703125
0.00048828125
0.000244140625
0.000732421875
0.000244140625
0.00048828125
0.00048828125
0.000244140625
0.000732421875
0.00048828125
0.00048828125
0.000244140625
0.00048828125
0.00048828125
0.000244140625
0.000732421875
0.000732421875
0.000244140625
0.00048828125
0.00048828125
0.000244140625
0.00048828125
0.00048828125
0.00048828125
0.00048828125
0.00048828125
0.000244140625
0.00048828125
0.00048828125
0.000244140625
0.00048828125
0.000732421875
0.00048828125
2080.7431640625
0.00244140625
0.00048828125
0.00048828125
0.00048828125
10251.2373046875
0.002197265625
0.00048828125
0.00048828125
0.00048828125
0.00048828125
0.000732421875
0.00048828125
0.00048828125
0.000244140625
0.00048828125
0.00048828125
0.00048828125
0.000732421875
0.00048828125
0.000244140625
0.001708984375
0.00048828125
0.000732421875
0.00048828125
0.00048828125
0.00048828125
0.000244140625
0.00048828125
0.00048828125
0.001220703125
0.00048828125
0.00048828125
0.00048828125
0.000244140625
0.00048828125
0.00048828125
0.00048828125
0.00048828125
0.00048828125
0.000732421875
0.00048828125
0.000244140625
0.0009765625
0.00048828125
0.00048828125
0.000244140625
0.00048828125
0.00048828125
0.00048828125
0.00048828125
0.001220703125
0.000244140625
0.00048828125
0.00048828125
0.000244140625
0.000244140625
0.000732421875
0.000244140625
0.00048828125
0.00048828125
0.00048828125
0.000244140625
0.001220703125
0.00048828125
0.000244140625
0.00048828125
0.00048828125
0.00048828125
0.00048828125
0.00048828125
0.00048828125
0.00048828125
0.00048828125
0.00048828125
0.00048828125
0.000244140625
0.00048828125
0.00048828125
0.00048828125
0.00048828125
0.00048828125
0.000244140625
0.00048828125
0.00048828125
0.000244140625
0.000732421875
0.00048828125
0.00048828125
0.00048828125
0.000244140625
0.00048828125
0.00048828125
0.00048828125
0.00048828125
0.00048828125
0.00048828125
0.000244140625
0.00048828125
0.000244140625
0.00048828125
0.000244140625
0.000732421875
0.00048828125
0.00048828125
0.00048828125
0.000244140625
0.00048828125
0.00048828125
0.000732421875
0.00048828125
0.00048828125
0.000244140625
0.00048828125
0.00048828125
0.000244140625
0.00048828125
0.000732421875
0.00048828125
0.000244140625
0.00048828125
0.00048828125
0.000244140625
0.000244140625
0.00048828125
0.000732421875
0.00048828125
0.000244140625
0.00048828125
0.00048828125
0.00048828125
0.00048828125
0.00048828125
0.00048828125
0.00048828125
0.00048828125
0.000244140625
0.00048828125
0.00048828125
0.000244140625
0.000732421875
0.00048828125
0.000244140625
0.00048828125
0.000244140625
0.00048828125
0.00048828125
0.000732421875
0.00048828125
0.000244140625
0.00048828125
0.00048828125
0.00048828125
0.00048828125
0.00048828125
0.00048828125
0.000732421875
0.000244140625
0.00048828125
0.00048828125
0.00048828125
0.00048828125
0.000244140625
0.000732421875
0.00048828125
0.00048828125
0.000244140625
0.00048828125
0.000244140625
0.00048828125
0.000732421875
0.000244140625
0.00048828125
0.00048828125
0.000244140625
0.00048828125
0.00048828125
0.00048828125
0.00048828125
0.00048828125
0.00048828125
0.000244140625
0.00048828125
0.00048828125
0.000244140625
0.00048828125
0.000732421875
0.00048828125
0.000244140625
0.000244140625
2712.97119140625
0.0009765625
0.00048828125
0.00048828125
0.000732421875
0.00048828125
0.000244140625
0.00048828125
0.0009765625
0.000244140625
0.00048828125
0.00048828125
0.00048828125
0.00048828125
0.000732421875
0.000244140625
0.001220703125
0.00048828125
0.00048828125
0.00048828125
0.000244140625
0.000732421875
0.000244140625
0.00048828125
0.00048828125
0.000732421875
0.00048828125
0.00048828125
0.000732421875
0.00048828125
0.000244140625
0.00048828125
0.00048828125
0.00048828125
0.00048828125
0.0009765625
0.00048828125
0.00048828125
0.000244140625
0.00048828125
0.000244140625
0.000244140625
0.00048828125
0.000732421875
0.000244140625
0.00048828125
0.000732421875
0.00048828125
0.00048828125
0.000244140625
0.000732421875
0.00048828125
0.00048828125
0.00048828125
0.00048828125
0.00048828125
0.00048828125
0.000732421875
0.000732421875
0.00048828125
0.00048828125
0.000244140625
0.000244140625
0.00048828125
0.00048828125
0.00048828125
0.00048828125
0.000732421875
0.000244140625
0.00048828125
0.00048828125
0.000732421875
0.00048828125
0.00048828125
0.00048828125
0.00048828125
0.00048828125
0.000244140625
0.000732421875
0.00048828125
0.000244140625
0.00048828125
0.00048828125
0.0
0.00048828125
0.000244140625
0.00048828125
0.000732421875
0.00048828125
0.00048828125
0.00048828125
0.00048828125
0.000244140625
0.00048828125
0.00048828125
0.00048828125
0.00048828125
0.000244140625
0.00048828125
0.00048828125
0.00048828125
0.00048828125
0.00048828125
0.00048828125
0.00048828125
0.00048828125
0.000732421875
0.00048828125
0.000732421875
0.00048828125
0.001220703125
0.00048828125
0.00048828125
0.000244140625
542.81689453125
0.001953125
0.00048828125
0.00048828125
0.000732421875
0.00048828125
13280.597412109375
0.001708984375
0.000244140625
0.00048828125
0.00048828125
0.00048828125
0.000732421875
0.00048828125
0.000732421875
0.00048828125
0.0009765625
0.000732421875
0.000732421875
0.000732421875
0.00048828125
0.00048828125
0.00146484375
0.00048828125
0.000732421875
0.000732421875
0.0009765625
0.000732421875
0.00048828125
0.000244140625
0.000732421875
0.001220703125
0.000244140625
0.00048828125
0.00048828125
0.00048828125
0.00048828125
0.000244140625
0.000732421875
0.00048828125
0.00048828125
0.005126953125
0.00048828125
0.000732421875
0.00048828125
0.000244140625
0.000732421875
0.000244140625
0.00048828125
0.00048828125
0.000732421875
0.00048828125
0.0009765625
0.001953125
0.00048828125
0.000244140625
0.00048828125
0.00048828125
0.00048828125
0.00048828125
0.00048828125
0.000732421875
0.00048828125
0.000244140625
0.0009765625
0.00048828125
0.000244140625
0.000732421875
0.000244140625
0.00048828125
0.000244140625
0.00048828125
0.00048828125
0.000244140625
0.00048828125
0.000732421875
0.00048828125
0.000244140625
0.000732421875
0.00048828125
0.000244140625
0.00048828125
0.000732421875
0.00048828125
0.000244140625
0.00048828125
0.00048828125
0.00048828125
0.00048828125
0.00048828125
0.00048828125
0.000244140625
0.00048828125
0.00048828125
0.00048828125
0.000244140625
0.00048828125
0.000732421875
0.00048828125
0.000244140625
0.00048828125
0.00048828125
0.00048828125
0.000244140625
0.00048828125
0.000732421875
0.000244140625
0.00048828125
0.00048828125
0.000244140625
0.00048828125
0.00048828125
0.0009765625
0.0
0.00048828125
0.00048828125
0.000244140625
0.001708984375
0.00048828125
0.00048828125
0.000244140625
0.000732421875
0.000244140625
0.00048828125
0.00048828125
0.000244140625
0.000732421875
0.00048828125
0.000244140625
0.00048828125
0.00048828125
0.00048828125
0.000732421875
0.000244140625
0.00048828125
0.00048828125
0.00048828125
0.00048828125
0.000244140625
0.00048828125
0.00048828125
0.00048828125
0.00048828125
0.00048828125
0.000244140625
0.00048828125
0.00048828125
0.00048828125
0.000244140625
0.000732421875
0.00048828125
0.000244140625
0.00048828125
0.00048828125
0.00048828125
0.00048828125
0.0
0.000732421875
0.00048828125
0.00048828125
0.000244140625
0.00048828125
0.00048828125
0.00048828125
0.00048828125
0.00048828125
0.000244140625
0.00048828125
0.00048828125
0.000244140625
0.00048828125
0.00048828125
0.000244140625
0.000732421875
0.00048828125
0.000244140625
0.00048828125
0.00048828125
0.000244140625
0.00048828125
0.000244140625
0.000732421875
0.00048828125
0.00048828125
0.000244140625
0.00048828125
0.00048828125
0.000244140625
0.000732421875
0.0009765625
0.000244140625
0.00048828125
0.00048828125
0.000244140625
0.00048828125
0.000732421875
0.00048828125
0.000244140625
0.00048828125
0.00048828125
0.000244140625
0.000244140625
0.00048828125
0.0009765625
0.00048828125
0.00048828125
0.00048828125
0.00048828125
0.000244140625
0.0009765625
0.000244140625
0.00048828125
0.00048828125
0.000244140625
0.00048828125
0.00048828125
0.000244140625
0.000732421875
0.00048828125
0.00048828125
0.000244140625
0.00048828125
0.00048828125
0.0
0.00048828125
0.000732421875
0.000244140625
0.00048828125
0.00048828125
0.00048828125
0.000244140625
0.00048828125
0.00048828125
0.00048828125
0.00048828125
0.00048828125
0.000244140625
0.00048828125
0.00048828125
0.000244140625
0.00048828125
0.000732421875
0.00048828125
0.00048828125
0.00048828125
0.000244140625
0.000244140625
0.00048828125
0.000244140625
0.000732421875
0.00048828125
0.00048828125
0.00048828125
0.000244140625
0.00048828125
0.000244140625
0.00048828125
0.000732421875
0.00048828125
0.00048828125
0.000244140625
0.00048828125
0.00048828125
0.00048828125
0.000732421875
0.000244140625
0.00048828125
0.00048828125
0.000244140625
0.000244140625
0.000732421875
0.000244140625
0.000732421875
0.00048828125
0.00048828125
0.00048828125
3619.315673828125
0.002197265625
0.00048828125
0.0009765625
0.000732421875
0.000244140625
0.00048828125
0.00048828125
0.0009765625
0.00048828125
0.000732421875
0.00048828125
0.00048828125
0.000732421875
0.000732421875
0.0009765625
0.001220703125
0.000732421875
0.0009765625
0.0009765625
0.0009765625
0.0009765625
0.0009765625
0.00048828125
0.00048828125
0.0009765625
0.00048828125
0.00048828125
0.000732421875
0.000732421875
0.000244140625
0.00048828125
0.00048828125
0.000732421875
0.00048828125
0.001220703125
0.00048828125
0.000732421875
0.000244140625
0.000732421875
0.00048828125
0.00048828125
0.00048828125
0.00048828125
0.000244140625
0.000732421875
0.0009765625
0.00048828125
0.00048828125
0.00048828125
0.00048828125
0.00048828125
0.000244140625
0.00048828125
0.00048828125
0.00048828125
0.00048828125
0.00048828125
0.000732421875
0.000732421875
0.000244140625
0.00048828125
0.00048828125
0.00048828125
0.00048828125
0.000244140625
0.00048828125
0.000732421875
0.00048828125
0.00048828125
0.00048828125
0.000244140625
0.0009765625
0.00048828125
0.00048828125
0.000244140625
0.00048828125
0.00048828125
0.00048828125
0.000244140625
0.00048828125
0.000732421875
0.00048828125
0.000244140625
0.00048828125
0.00048828125
0.000732421875
0.000244140625
0.0009765625
0.00048828125
0.00048828125
0.00048828125
0.00048828125
0.00048828125
0.000244140625
0.0009765625
0.00048828125
0.000244140625
0.00048828125
0.00048828125
0.00048828125
0.000732421875
0.00048828125
0.00048828125
0.00048828125
0.000244140625
0.000732421875
0.00048828125
0.000244140625
0.0009765625
0.00048828125
0.00048828125
0.000244140625
0.00048828125
0.000244140625
0.000732421875
0.00048828125
0.00048828125
0.000732421875
0.00048828125
0.00048828125
0.00048828125
0.000732421875
0.00048828125
0.00048828125
0.000732421875
0.000732421875
0.00048828125
0.000732421875
0.00048828125
0.00048828125
0.00048828125
0.00048828125
0.0
0.00048828125
0.000732421875
0.00048828125
0.00048828125
0.00048828125
0.000244140625
0.00048828125
0.00048828125
6995.925048828125
0.00146484375
0.00048828125
0.00048828125
0.0009765625
0.00048828125
0.000732421875
0.00048828125
0.000732421875
0.00048828125
0.0009765625
0.00048828125
0.00048828125
0.00048828125
0.000732421875
0.00048828125
0.00146484375
0.00048828125
0.000244140625
0.00048828125
0.00048828125
0.000732421875
0.00048828125
0.00048828125
0.00048828125
0.001220703125
0.000732421875
0.00048828125
0.000732421875
0.00048828125
0.00048828125
0.00048828125
0.00048828125
0.000732421875
0.00048828125
0.000732421875
0.00048828125
0.00048828125
0.000732421875
0.00048828125
0.00048828125
0.00048828125
0.00048828125
0.00048828125
0.00048828125
0.000732421875
0.001220703125
0.0009765625
0.00048828125
0.000732421875
0.00048828125
0.000244140625
0.00048828125
0.000244140625
0.00048828125
0.00048828125
0.00048828125
0.000732421875
0.0009765625
0.000244140625
0.000732421875
0.00048828125
0.000732421875
0.000244140625
0.000732421875
0.00048828125
0.00048828125
0.00048828125
0.00048828125
0.000732421875
0.00048828125
0.00048828125
0.00048828125
0.00048828125
0.000732421875
0.000732421875
0.00048828125
0.00048828125
0.00048828125
0.00048828125
0.00048828125
0.00048828125
0.000732421875
0.00048828125
0.00048828125
0.00048828125
0.00048828125
0.00048828125
0.00048828125
0.000732421875
0.000244140625
0.000244140625
0.00048828125
0.00048828125
0.00048828125
0.0009765625
0.000244140625
0.00048828125
0.00048828125
0.00048828125
0.00048828125
0.00048828125
0.00048828125
0.000732421875
0.00048828125
0.00048828125
0.00048828125
0.00048828125
0.00048828125
0.000244140625
0.0009765625
0.000244140625
0.000244140625
0.00048828125
0.00048828125
0.000244140625
0.00048828125
0.000732421875
0.00048828125
0.00048828125
0.00048828125
0.00048828125
0.000244140625
0.00048828125
0.00048828125
0.00048828125
0.001220703125
0.000732421875
0.00048828125
0.00048828125
0.000732421875
0.0
0.000732421875
0.00048828125
0.00048828125
0.000732421875
0.000732421875
0.00048828125
0.00048828125
0.00048828125
0.00048828125
0.00048828125
0.000244140625
0.000732421875
0.00048828125
0.00048828125
0.00048828125
0.000244140625
0.000732421875
0.000244140625
0.00048828125
0.00048828125
0.00048828125
0.00048828125
0.000244140625
0.00048828125
0.00048828125
0.000244140625
0.000732421875
0.00048828125
20639.52587890625
0.00146484375
0.00048828125
0.000732421875
0.000732421875
0.00048828125
0.00048828125
0.000244140625
0.000732421875
0.00048828125
0.000244140625
0.000732421875
0.000244140625
0.000244140625
0.00048828125
0.00048828125
0.000732421875
0.00048828125
0.00048828125
0.00048828125
0.00048828125
0.000244140625
0.00048828125
0.00048828125
0.000244140625
0.00048828125
0.000732421875
0.00048828125
0.000244140625
0.00048828125
0.00048828125
0.000244140625
0.00048828125
0.00048828125
0.00048828125
0.001220703125
0.00048828125
0.00048828125
0.00048828125
0.000732421875
0.000732421875
0.00048828125
0.00048828125
0.00048828125
0.000732421875
0.000732421875
0.000732421875
0.00048828125
0.00048828125
0.00048828125
0.00048828125
0.00048828125
0.000244140625
0.00048828125
0.00048828125
0.000732421875
0.000244140625
0.00048828125
0.0009765625
0.00048828125
0.00048828125
0.000244140625
0.00048828125
0.00048828125
0.00048828125
0.000732421875
0.000244140625
0.00048828125
0.00048828125
0.000244140625
0.00048828125
0.000732421875
0.001220703125
0.00048828125
0.000732421875
0.000732421875
0.001220703125
0.000732421875
0.000732421875
0.000732421875
0.000732421875
0.001220703125
0.000732421875
0.000732421875
0.00048828125
0.000732421875
0.00048828125
0.000732421875
0.000732421875
0.0009765625
0.0009765625
0.00048828125
0.000732421875
0.000732421875
0.0009765625
0.00048828125
0.000732421875
0.000732421875
0.000732421875
0.000732421875
0.00048828125
0.00048828125
0.000732421875
0.00048828125
0.000732421875
0.000732421875
0.000732421875
0.000732421875
0.00048828125
0.000732421875
0.0009765625
0.000732421875
0.00048828125
0.000732421875
0.000244140625
0.0009765625
0.00048828125
0.000732421875
0.000732421875
0.000732421875
0.0009765625
0.00048828125
0.0009765625
0.00048828125
0.00048828125
0.00048828125
0.0009765625
0.000732421875
0.00048828125
0.00048828125
0.0009765625
0.00048828125
0.000732421875
0.000732421875
0.000732421875
0.00048828125
0.0009765625
0.000732421875
0.000732421875
0.00048828125
0.0009765625
0.00048828125
0.000732421875
0.00048828125
0.00048828125
0.000732421875
0.0009765625
0.00048828125
0.001220703125
0.000732421875
0.000732421875
0.000732421875
0.00048828125
0.000732421875
0.000732421875
0.000732421875
0.000732421875
0.00048828125
0.00048828125
0.0009765625
0.000732421875
0.000732421875
0.000732421875
0.00048828125
0.000732421875
0.0009765625
0.00048828125
0.0009765625
0.000732421875
0.000732421875
0.0009765625
0.00048828125
0.00048828125
0.0009765625
0.0009765625
0.00048828125
0.000732421875
0.00048828125
0.000732421875
0.0009765625
0.0009765625
0.000732421875
0.00048828125
0.000732421875
0.0009765625
0.00048828125
0.000244140625
0.00048828125
0.00048828125
0.00048828125
0.000244140625
0.0009765625
0.000244140625
0.00048828125
0.00048828125
0.00048828125
0.00048828125
0.000244140625
0.000732421875
0.00048828125
0.00048828125
0.000732421875
0.00048828125
0.000244140625
0.0009765625
0.00048828125
0.000244140625
0.00048828125
0.000244140625
0.00048828125
0.00048828125
0.000244140625
0.000732421875
0.00048828125
0.000244140625
0.00048828125
0.00048828125
0.00048828125
0.00048828125
0.000732421875
0.000244140625
0.00048828125
0.00048828125
0.00048828125
0.000244140625
0.00048828125
0.000244140625
0.00048828125
0.000732421875
0.000244140625
0.000244140625
0.00048828125
0.00048828125
0.00048828125
0.00048828125
0.000732421875
0.000244140625
0.00048828125
0.00048828125
0.00048828125
0.000244140625
0.00048828125
0.0009765625
0.00048828125
0.00048828125
0.000244140625
0.00048828125
0.00048828125
0.000244140625
0.00048828125
0.000732421875
0.000244140625
0.000244140625
0.00048828125
0.00048828125
0.00048828125
0.000244140625
0.0009765625
0.00048828125
0.000244140625
0.00048828125
0.00048828125
0.00048828125
0.00048828125
0.000244140625
0.000732421875
0.00048828125
0.00048828125
0.000244140625
0.000732421875
0.000244140625
0.00048828125
0.000732421875
0.000244140625
0.00048828125
0.00048828125
0.000244140625
0.00048828125
0.00048828125
0.00048828125
0.000732421875
0.00048828125
0.000244140625
0.00048828125
0.00048828125
0.00048828125
0.000244140625
0.0009765625
0.00048828125
0.00048828125
0.00048828125
0.00048828125
0.000244140625
0.00048828125
0.00048828125
0.00048828125
0.000244140625
0.00048828125
0.00048828125
0.000244140625
0.00048828125
0.00048828125
0.000732421875
0.00048828125
0.000244140625
0.00048828125
0.00048828125
0.00048828125
0.000244140625
0.00048828125
0.000732421875
0.00048828125
0.00048828125
0.00048828125
0.00048828125
0.00048828125
0.000244140625
0.00048828125
0.00048828125
0.00048828125
0.00048828125
0.000244140625
0.00048828125
0.00048828125
0.000732421875
0.00048828125
0.000244140625
0.006591796875
0.00048828125
0.00048828125
0.00048828125
0.000244140625
0.00048828125
0.00048828125
0.000732421875
0.000244140625
0.00048828125
0.00048828125
0.00048828125
0.000244140625
0.00048828125
0.000732421875
0.00048828125
0.00048828125
0.000244140625
0.00048828125
0.00048828125
0.00048828125
0.000244140625
0.00048828125
0.00048828125
0.00048828125
0.00048828125
0.000244140625
0.00048828125
0.00048828125
0.00048828125
0.000732421875
0.000244140625
0.00048828125
0.00048828125
0.00048828125
0.000244140625
0.00048828125
0.000732421875
0.000244140625
0.00048828125
0.00048828125
0.00048828125
0.000244140625
0.000244140625
0.00048828125
0.000732421875
0.000244140625
0.00048828125
0.00048828125
0.00048828125
0.000244140625
0.00048828125
0.00048828125
0.000732421875
0.00048828125
0.000244140625
0.00048828125
0.00048828125
0.000244140625
0.00048828125
0.00048828125
0.000732421875
0.000244140625
0.00048828125
0.00048828125
0.00048828125
0.0
0.00048828125
0.000732421875
0.00048828125
0.000244140625
0.00048828125
0.000732421875
0.00048828125
0.000732421875
0.0009765625
0.000732421875
0.00048828125
0.001953125
0.000732421875
0.000732421875
0.000244140625
0.000732421875
0.0009765625
0.00048828125
0.000732421875
0.000732421875
0.000732421875
0.0009765625
0.000732421875
0.00048828125
0.000732421875
0.00048828125
0.000732421875
0.00048828125
0.00048828125
0.00048828125
0.000244140625
0.000244140625
0.00048828125
0.000244140625
0.000732421875
0.00048828125
0.00048828125
0.000244140625
0.00048828125
0.00048828125
0.00048828125
0.000244140625
0.000732421875
0.00048828125
0.00048828125
0.000244140625
0.00048828125
0.00048828125
0.00048828125
0.000244140625
0.000732421875
0.00048828125
0.00048828125
0.000244140625
0.00048828125
0.00048828125
0.000732421875
0.000244140625
0.00048828125
0.00048828125
0.00048828125
0.00048828125
0.00048828125
0.000244140625
0.000732421875
0.00048828125
0.00048828125
0.000244140625
0.00146484375
0.00048828125
0.000732421875
6030.125
0.001953125
0.00048828125
0.00048828125
0.00048828125
0.00048828125
0.000732421875
0.00048828125
0.000732421875
0.00048828125
0.000244140625
0.000244140625
0.000732421875
0.00048828125
0.000732421875
0.000244140625
0.000732421875
0.00048828125
0.0009765625
0.000244140625
0.00048828125
0.00048828125
0.00048828125
0.00048828125
0.00048828125
0.0009765625
0.00048828125
0.00048828125
0.00048828125
0.00048828125
0.000732421875
0.00048828125
0.00048828125
0.00048828125
0.000244140625
0.0009765625
0.00048828125
0.00048828125
0.000732421875
0.000244140625
0.00048828125
0.00048828125
0.000244140625
0.00048828125
0.00048828125
0.000244140625
0.001220703125
0.000244140625
0.00048828125
0.00048828125
0.0
0.00048828125
0.00048828125
0.00048828125
0.000732421875
0.00048828125
0.00048828125
0.000244140625
0.000732421875
0.000732421875
0.00048828125
0.000244140625
0.000732421875
0.00048828125
0.00048828125
0.00048828125
0.000732421875
0.000244140625
0.00048828125
0.00048828125
0.000244140625
0.00048828125
0.000732421875
0.000732421875
0.00048828125
0.000244140625
0.00048828125
0.00048828125
0.00048828125
0.00048828125
0.000732421875
0.00048828125
0.000244140625
0.00048828125
0.00048828125
0.000244140625
0.00048828125
0.00048828125
0.0009765625
0.00048828125
0.00048828125
0.000244140625
0.000732421875
0.00048828125
0.00048828125
0.00048828125
0.00048828125
0.00048828125
0.000244140625
0.00048828125
0.00048828125
0.000244140625
0.000732421875
0.00048828125
0.00048828125
0.00048828125
0.00048828125
0.00048828125
0.00048828125
0.000732421875
0.00048828125
0.000244140625
0.000244140625
0.00048828125
0.00048828125
0.000244140625
0.00048828125
0.000732421875
0.000244140625
0.00048828125
0.00048828125
0.00048828125
0.000244140625
0.00048828125
16068.968017578125
0.001708984375
0.0009765625
0.00048828125
0.00048828125
0.00048828125
0.00048828125
0.00048828125
0.0009765625
0.00048828125
0.00048828125
0.000244140625
0.00048828125
0.00048828125
0.00048828125
0.000732421875
0.001220703125
0.00048828125
0.00048828125
0.00048828125
0.000732421875
0.00048828125
0.00048828125
0.00048828125
0.00048828125
0.0009765625
0.000732421875
0.00048828125
0.000244140625
0.000732421875
0.00048828125
0.000244140625
0.00048828125
0.000732421875
0.00048828125
0.0009765625
0.000244140625
0.00048828125
0.00048828125
0.000732421875
0.00048828125
0.00048828125
0.0009765625
0.00048828125
0.000244140625
0.000732421875
0.000732421875
0.00048828125
0.00048828125
0.000244140625
0.000732421875
0.000244140625
0.000732421875
0.000732421875
0.00048828125
0.000244140625
0.00048828125
0.00048828125
0.00146484375
0.00048828125
0.000732421875
0.00048828125
0.000244140625
0.00048828125
0.00048828125
0.00048828125
0.00048828125
0.00048828125
0.000244140625
0.00048828125
0.00048828125
0.000732421875
0.000732421875
0.00048828125
0.00048828125
0.000244140625
0.00048828125
0.00048828125
0.00048828125
0.00048828125
0.00048828125
0.000732421875
0.00048828125
0.00048828125
0.000732421875
0.00048828125
0.00048828125
0.00048828125
0.000732421875
0.00048828125
0.000732421875
0.00048828125
0.000244140625
0.00048828125
0.00048828125
0.000244140625
0.00048828125
0.00048828125
0.000732421875
0.000244140625
0.00048828125
0.00048828125
0.000244140625
0.00048828125
0.00048828125
0.000244140625
0.00048828125
0.00048828125
0.00048828125
0.000244140625
0.00048828125
0.00048828125
0.000244140625
0.00048828125
0.000732421875
0.000244140625
0.00048828125
0.00048828125
0.00048828125
0.00048828125
0.000244140625
0.00048828125
0.000732421875
0.00048828125
0.00048828125
0.000244140625
0.000732421875
0.000244140625
0.00048828125
0.00048828125
0.000244140625
0.00048828125
0.00048828125
0.00048828125
0.000244140625
0.00048828125
0.00048828125
0.000732421875
0.000244140625
0.00048828125
0.00048828125
0.00048828125
0.000244140625
0.00048828125
0.00048828125
0.00048828125
0.00048828125
0.00048828125
0.000732421875
0.00048828125
0.00048828125
0.000244140625
0.00048828125
0.00048828125
0.00048828125
0.000244140625
0.00048828125
0.000244140625
0.00048828125
0.00048828125
0.000732421875
0.000244140625
0.000732421875
0.000244140625
0.00048828125
0.00048828125
0.00048828125
0.000732421875
0.00048828125
0.00048828125
0.000244140625
0.00048828125
0.00048828125
0.000244140625
0.000732421875
0.00048828125
0.000244140625
0.00048828125
0.00048828125
0.00048828125
0.000244140625
0.00048828125
0.000732421875
0.000244140625
0.00048828125
0.00048828125
0.00048828125
0.00048828125
0.000244140625
0.001220703125
0.00048828125
0.00048828125
0.00048828125
0.000244140625
0.000244140625
0.000732421875
0.000732421875
0.000244140625
0.00048828125
0.00048828125
0.00048828125
0.00048828125
0.00048828125
0.000732421875
0.000244140625
0.00048828125
0.00048828125
0.00048828125
0.00048828125
0.000244140625
0.00048828125
0.000732421875
0.00048828125
0.000244140625
0.00048828125
0.00048828125
0.000244140625
0.00048828125
0.000732421875
0.00048828125
0.000244140625
0.00048828125
0.00048828125
0.000244140625
0.00048828125
0.00048828125
0.00048828125
0.00048828125
0.00048828125
0.000244140625
0.00048828125
0.00048828125
0.000244140625
0.00048828125
0.000732421875
0.00048828125
0.000244140625
0.00048828125
0.000244140625
0.000244140625
0.00048828125
0.000244140625
0.000732421875
0.00048828125
0.00048828125
0.00048828125
0.000244140625
0.00048828125
0.000244140625
0.00048828125
0.000732421875
0.00048828125
0.00048828125
0.000244140625
0.00048828125
0.00048828125
0.000244140625
0.00048828125
0.0009765625
0.000244140625
0.00048828125
0.00048828125
0.000244140625
0.000244140625
0.00048828125
0.000732421875
0.00048828125
0.000244140625
0.00048828125
0.00048828125
0.00048828125
0.00048828125
0.00048828125
0.00048828125
0.00048828125
0.00048828125
0.00048828125
0.00048828125
0.000244140625
0.00048828125
0.000732421875
0.00048828125
0.00048828125
0.000244140625
0.000244140625
0.00048828125
0.000244140625
0.00048828125
0.000732421875
