BALANCES a:53.0  j:97.0  w:258.0  z:14.0  n:11.0  o:13.0  h:72.0  m:58.0  f:5.0  v:29.0  s:45.0  r:59.0  t:188.0  i:4.0  u:49.0  p:32.0  g:0.0  q:175.0  c:98.0  x:1.0  y:74.0  l:21.0  b:13.0  d:2.0  e:18.0 

BANDWIDTH: 
0
2217
770
384
193
193
1848
598
385
1563
809
624
0
0
1540
216
0
0
1635
193
3778
621
409
2188
0
0
1178
963
1178
0
1048
193
1181
0
1346
0
216
193
1199
0
409
963
0
409
1370
577
192
409
2185
408
405
988
771
1351
812
983
578
1434
409
2360
193
1348
577
409
1439
193
1802
2598
2335
1391
212
409


DELAY: 
0.001220703125
0.0009765625
0.000244140625
0.000732421875
0.00048828125
3459.069091796875
4902.006591796875
0.001708984375
0.000732421875
0.00048828125
0.00048828125
1638.52392578125
1110.52978515625
0.00146484375
3264.010498046875
0.00146484375
0.001220703125
725.140380859375
3609.735107421875
555.207275390625
21.86669921875
0.00146484375
0.00048828125
1408.759521484375
0.001220703125
0.0009765625
172.82080078125
463.126708984375
0.001220703125
2452.3798828125
0.001220703125
0.00048828125
0.000732421875
0.00048828125
4056.130126953125
628.896728515625
1865.80615234375
3079.05029296875
5793.925048828125
0.001708984375
0.00048828125
0.00048828125
0.000732421875
0.000732421875
6040.978515625
0.001220703125
0.001220703125
0.000244140625
3943.13134765625
0.001708984375
0.00048828125
0.00048828125
4883.87841796875
0.001220703125
0.00048828125
6498.08984375
0.00146484375
0.00048828125
0.001708984375
0.00048828125
973.996826171875
6151.912841796875
0.00146484375
0.00048828125
0.000732421875
0.00048828125
0.00048828125
0.00048828125
2112.00439453125
2817.994384765625
0.002685546875
960.982177734375
0.002197265625
2768.120849609375
44.022705078125
5749.838134765625
0.001953125
0.00048828125
0.00048828125
0.0009765625
0.000244140625
0.000732421875
0.000732421875
1637.00537109375
0.00146484375
8655.15380859375
0.00146484375
0.00048828125
0.001220703125
0.00048828125
0.00048828125
0.00048828125
0.000244140625
1699.98583984375
44.035888671875
0.000732421875
696.822021484375
2185.1259765625
0.001220703125
0.00048828125
0.00048828125
1485.867919921875
1470.999755859375
