BALANCES a:53.0  n:11.0  o:13.0  j:97.0  w:258.0  z:14.0  h:72.0  m:58.0  c:112.0  f:5.0  v:29.0  s:45.0  t:188.0  r:59.0  i:4.0  u:49.0  p:32.0  g:0.0  q:175.0  x:1.0  y:74.0  l:21.0  d:2.0  e:18.0  b:13.0 

BANDWIDTH: 
0
2391
577
408
193
2233
0
771
1370
1180
1011
409
2231
1176
3923
984
2358
212
384
986
1049
988
1154
192
621
578
578
833
1779
0
1346
0
409
2162
0
193
602
2422
385
770
816
1561
0
771
602
2423
1948
193
384
860
4116
1373
2355
216
984
216
1005
216
0
0
409
193
1034
216
648
405
0
0
0
432
625
0
405
193
216
405
0
0
621
216
772
216
0
0
0
1223
1292
0
0
0
212
2169
0
0


DELAY: 
0.001708984375
0.000732421875
0.000244140625
0.00048828125
0.000732421875
6859.087890625
0.001708984375
0.000732421875
253.943603515625
1063.926513671875
0.001708984375
0.00048828125
0.00048828125
1724.013916015625
0.00146484375
1195.975830078125
8678.189208984375
0.00146484375
0.00048828125
0.00048828125
0.000732421875
0.000244140625
0.000732421875
22.3359375
0.0009765625
0.000732421875
32.49072265625
0.00146484375
0.00048828125
2204.283447265625
0.001220703125
0.00048828125
0.00048828125
6248.877685546875
0.001220703125
0.0009765625
0.00048828125
0.000732421875
165.909912109375
0.00146484375
2962.0673828125
1550.95166015625
6239.882568359375
0.001953125
0.00048828125
0.000244140625
0.0009765625
0.00048828125
4988.044677734375
0.001708984375
0.00048828125
0.000732421875
10856.981689453125
0.001953125
0.00048828125
0.00048828125
0.000732421875
0.000244140625
0.001953125
5871.216064453125
0.001708984375
0.00048828125
0.00048828125
0.00048828125
4430.868896484375
0.00146484375
3521.947509765625
0.002197265625
0.00048828125
0.00048828125
0.00048828125
0.00048828125
1687.913818359375
1397.022705078125
606.036865234375
1219.0888671875
0.001708984375
2504.192138671875
0.00146484375
7880.779296875
54.92041015625
0.00146484375
0.00048828125
0.000732421875
0.00048828125
0.00048828125
0.00048828125
0.000244140625
0.001708984375
9001.00439453125
0.00146484375
0.000732421875
0.000244140625
0.000732421875
0.000244140625
0.00048828125
0.00048828125
0.001220703125
0.00048828125
0.00048828125
830.0390625
4485.9599609375
0.001953125
0.000732421875
0.000732421875
0.000244140625
1326.01416015625
4786.11181640625
0.001220703125
0.000732421875
0.00048828125
