BALANCES a:53.0  w:258.0  z:14.0  n:11.0  o:13.0  j:97.0  h:72.0  c:55.0  f:5.0  v:29.0  s:45.0  m:58.0  r:59.0  t:188.0  i:4.0  u:49.0  g:0.0  q:175.0  y:74.0  x:1.0  l:21.0  b:16.0  d:2.0  p:32.0  e:18.0  k:0 

BANDWIDTH: 
0
2373
192
192
408
2766
578
1002
964
1395
409
2158
2962
810
386
3729
385
212
578
0
772
1590
192
192
193
814
212
1006
2016
193
771
984
817
1157
793
0
0
1269
1180
1385
1775
1542
0
814
1007
216
212
621
2334
408
962
192
409
1760
3008
1177
2185
192
790
795
771
193
212
0
409
0
0
818
0
386
0
598
193
193
212
772
216
0
216
193
409
409
0
1443
0
0
216
625
0
0
3677
0
0


DELAY: 
0.00146484375
0.000732421875
0.000244140625
0.000732421875
0.00048828125
4640.1044921875
0.001953125
0.00048828125
0.00048828125
0.000732421875
0.000732421875
2753.29931640625
0.00146484375
0.00048828125
385.622314453125
0.001953125
2139.0478515625
0.001953125
7214.88671875
0.00146484375
0.000244140625
0.00048828125
0.000732421875
0.000732421875
0.000244140625
1584.23876953125
66.02978515625
0.001953125
0.00048828125
298.794677734375
0.001953125
0.000732421875
6691.064697265625
0.001708984375
0.00048828125
0.00146484375
0.00048828125
0.00048828125
0.00048828125
927.895263671875
3360.053466796875
0.001953125
4409.23779296875
0.0009765625
0.00048828125
0.000732421875
2729.677001953125
0.001953125
3325.0390625
5492.099365234375
43.974609375
0.001220703125
1899.99267578125
2885.9033203125
0.001708984375
0.00048828125
0.00048828125
0.00048828125
0.00244140625
5529.117919921875
2021.46484375
0.001708984375
0.00048828125
0.00048828125
4999.943115234375
2212.703369140625
0.001953125
0.000732421875
0.00048828125
0.000732421875
1145.8056640625
45.125244140625
221.88720703125
2609.215576171875
1656.7421875
1335.12060546875
0.001708984375
2224.860595703125
21.973388671875
5842.34912109375
0.001953125
0.000732421875
0.00048828125
0.00048828125
0.00048828125
0.000244140625
0.000732421875
0.00048828125
2919.775146484375
5733.01123046875
2398.8857421875
0.00146484375
0.00048828125
0.00048828125
0.00048828125
0.00048828125
0.000244140625
0.00048828125
0.000732421875
0.00048828125
781.0361328125
1130.057861328125
0.00146484375
1317.990478515625
0.0009765625
880.98046875
1502.96435546875
0.00146484375
4718.236572265625
0.001220703125
0.00048828125
